0.038970 0.038970 0.000007
0.038970 0.114962 0.000019
0.038970 0.187155 0.000029
0.038970 0.255738 0.000036
0.038970 0.320891 0.000043
0.038970 0.382788 0.000047
0.038970 0.441589 0.000051
0.038970 0.497450 0.000053
0.038970 0.550518 0.000055
0.038970 0.600933 0.000055
0.038970 0.648827 0.000055
0.038970 0.694326 0.000055
0.038970 0.737550 0.000053
0.038970 0.778613 0.000051
0.038970 0.817623 0.000049
0.038970 0.854683 0.000045
0.038970 0.889889 0.000041
0.038970 0.923335 0.000036
0.038970 0.955109 0.000029
0.038970 0.985294 0.000021

0.114962 0.038970 0.000019
0.114962 0.114962 0.000051
0.114962 0.187155 0.000077
0.114962 0.255738 0.000097
0.114962 0.320891 0.000113
0.114962 0.382788 0.000125
0.114962 0.441589 0.000133
0.114962 0.497450 0.000139
0.114962 0.550518 0.000142
0.114962 0.600933 0.000143
0.114962 0.648827 0.000142
0.114962 0.694326 0.000139
0.114962 0.737550 0.000135
0.114962 0.778613 0.000129
0.114962 0.817623 0.000122
0.114962 0.854683 0.000112
0.114962 0.889889 0.000101
0.114962 0.923335 0.000089
0.114962 0.955109 0.000073
0.114962 0.985294 0.000056

0.187155 0.038970 0.000029
0.187155 0.114962 0.000077
0.187155 0.187155 0.000115
0.187155 0.255738 0.000145
0.187155 0.320891 0.000167
0.187155 0.382788 0.000184
0.187155 0.441589 0.000195
0.187155 0.497450 0.000202
0.187155 0.550518 0.000206
0.187155 0.600933 0.000207
0.187155 0.648827 0.000205
0.187155 0.694326 0.000200
0.187155 0.737550 0.000193
0.187155 0.778613 0.000184
0.187155 0.817623 0.000173
0.187155 0.854683 0.000160
0.187155 0.889889 0.000145
0.187155 0.923335 0.000127
0.187155 0.955109 0.000108
0.187155 0.985294 0.000086

0.255738 0.038970 0.000036
0.255738 0.114962 0.000097
0.255738 0.187155 0.000145
0.255738 0.255738 0.000181
0.255738 0.320891 0.000208
0.255738 0.382788 0.000228
0.255738 0.441589 0.000241
0.255738 0.497450 0.000249
0.255738 0.550518 0.000252
0.255738 0.600933 0.000252
0.255738 0.648827 0.000249
0.255738 0.694326 0.000243
0.255738 0.737550 0.000234
0.255738 0.778613 0.000222
0.255738 0.817623 0.000209
0.255738 0.854683 0.000194
0.255738 0.889889 0.000176
0.255738 0.923335 0.000157
0.255738 0.955109 0.000135
0.255738 0.985294 0.000112

0.320891 0.038970 0.000043
0.320891 0.114962 0.000113
0.320891 0.187155 0.000167
0.320891 0.255738 0.000208
0.320891 0.320891 0.000238
0.320891 0.382788 0.000260
0.320891 0.441589 0.000274
0.320891 0.497450 0.000282
0.320891 0.550518 0.000285
0.320891 0.600933 0.000284
0.320891 0.648827 0.000279
0.320891 0.694326 0.000271
0.320891 0.737550 0.000261
0.320891 0.778613 0.000249
0.320891 0.817623 0.000234
0.320891 0.854683 0.000218
0.320891 0.889889 0.000199
0.320891 0.923335 0.000179
0.320891 0.955109 0.000158
0.320891 0.985294 0.000135

0.382788 0.038970 0.000047
0.382788 0.114962 0.000125
0.382788 0.187155 0.000184
0.382788 0.255738 0.000228
0.382788 0.320891 0.000260
0.382788 0.382788 0.000282
0.382788 0.441589 0.000296
0.382788 0.497450 0.000303
0.382788 0.550518 0.000306
0.382788 0.600933 0.000304
0.382788 0.648827 0.000298
0.382788 0.694326 0.000290
0.382788 0.737550 0.000279
0.382788 0.778613 0.000266
0.382788 0.817623 0.000251
0.382788 0.854683 0.000234
0.382788 0.889889 0.000216
0.382788 0.923335 0.000197
0.382788 0.955109 0.000176
0.382788 0.985294 0.000155

0.441589 0.038970 0.000051
0.441589 0.114962 0.000133
0.441589 0.187155 0.000195
0.441589 0.255738 0.000241
0.441589 0.320891 0.000274
0.441589 0.382788 0.000296
0.441589 0.441589 0.000310
0.441589 0.497450 0.000317
0.441589 0.550518 0.000318
0.441589 0.600933 0.000316
0.441589 0.648827 0.000310
0.441589 0.694326 0.000301
0.441589 0.737550 0.000289
0.441589 0.778613 0.000276
0.441589 0.817623 0.000261
0.441589 0.854683 0.000245
0.441589 0.889889 0.000228
0.441589 0.923335 0.000210
0.441589 0.955109 0.000192
0.441589 0.985294 0.000172

0.497450 0.038970 0.000053
0.497450 0.114962 0.000139
0.497450 0.187155 0.000202
0.497450 0.255738 0.000249
0.497450 0.320891 0.000282
0.497450 0.382788 0.000303
0.497450 0.441589 0.000317
0.497450 0.497450 0.000323
0.497450 0.550518 0.000324
0.497450 0.600933 0.000321
0.497450 0.648827 0.000314
0.497450 0.694326 0.000305
0.497450 0.737550 0.000294
0.497450 0.778613 0.000281
0.497450 0.817623 0.000267
0.497450 0.854683 0.000252
0.497450 0.889889 0.000237
0.497450 0.923335 0.000221
0.497450 0.955109 0.000204
0.497450 0.985294 0.000187

0.550518 0.038970 0.000055
0.550518 0.114962 0.000142
0.550518 0.187155 0.000206
0.550518 0.255738 0.000252
0.550518 0.320891 0.000285
0.550518 0.382788 0.000306
0.550518 0.441589 0.000318
0.550518 0.497450 0.000324
0.550518 0.550518 0.000325
0.550518 0.600933 0.000321
0.550518 0.648827 0.000314
0.550518 0.694326 0.000305
0.550518 0.737550 0.000295
0.550518 0.778613 0.000283
0.550518 0.817623 0.000270
0.550518 0.854683 0.000256
0.550518 0.889889 0.000242
0.550518 0.923335 0.000228
0.550518 0.955109 0.000214
0.550518 0.985294 0.000200

0.600933 0.038970 0.000055
0.600933 0.114962 0.000143
0.600933 0.187155 0.000207
0.600933 0.255738 0.000252
0.600933 0.320891 0.000284
0.600933 0.382788 0.000304
0.600933 0.441589 0.000316
0.600933 0.497450 0.000321
0.600933 0.550518 0.000321
0.600933 0.600933 0.000317
0.600933 0.648827 0.000311
0.600933 0.694326 0.000302
0.600933 0.737550 0.000292
0.600933 0.778613 0.000281
0.600933 0.817623 0.000270
0.600933 0.854683 0.000258
0.600933 0.889889 0.000246
0.600933 0.923335 0.000234
0.600933 0.955109 0.000222
0.600933 0.985294 0.000211

0.648827 0.038970 0.000055
0.648827 0.114962 0.000142
0.648827 0.187155 0.000205
0.648827 0.255738 0.000249
0.648827 0.320891 0.000279
0.648827 0.382788 0.000298
0.648827 0.441589 0.000310
0.648827 0.497450 0.000314
0.648827 0.550518 0.000314
0.648827 0.600933 0.000311
0.648827 0.648827 0.000305
0.648827 0.694326 0.000297
0.648827 0.737550 0.000288
0.648827 0.778613 0.000278
0.648827 0.817623 0.000268
0.648827 0.854683 0.000257
0.648827 0.889889 0.000247
0.648827 0.923335 0.000238
0.648827 0.955109 0.000228
0.648827 0.985294 0.000220

0.694326 0.038970 0.000055
0.694326 0.114962 0.000139
0.694326 0.187155 0.000200
0.694326 0.255738 0.000243
0.694326 0.320891 0.000271
0.694326 0.382788 0.000290
0.694326 0.441589 0.000301
0.694326 0.497450 0.000305
0.694326 0.550518 0.000305
0.694326 0.600933 0.000302
0.694326 0.648827 0.000297
0.694326 0.694326 0.000290
0.694326 0.737550 0.000282
0.694326 0.778613 0.000273
0.694326 0.817623 0.000264
0.694326 0.854683 0.000256
0.694326 0.889889 0.000248
0.694326 0.923335 0.000240
0.694326 0.955109 0.000233
0.694326 0.985294 0.000227

0.737550 0.038970 0.000053
0.737550 0.114962 0.000135
0.737550 0.187155 0.000193
0.737550 0.255738 0.000234
0.737550 0.320891 0.000261
0.737550 0.382788 0.000279
0.737550 0.441589 0.000289
0.737550 0.497450 0.000294
0.737550 0.550518 0.000295
0.737550 0.600933 0.000292
0.737550 0.648827 0.000288
0.737550 0.694326 0.000282
0.737550 0.737550 0.000275
0.737550 0.778613 0.000268
0.737550 0.817623 0.000260
0.737550 0.854683 0.000254
0.737550 0.889889 0.000247
0.737550 0.923335 0.000242
0.737550 0.955109 0.000237
0.737550 0.985294 0.000233

0.778613 0.038970 0.000051
0.778613 0.114962 0.000129
0.778613 0.187155 0.000184
0.778613 0.255738 0.000222
0.778613 0.320891 0.000249
0.778613 0.382788 0.000266
0.778613 0.441589 0.000276
0.778613 0.497450 0.000281
0.778613 0.550518 0.000283
0.778613 0.600933 0.000281
0.778613 0.648827 0.000278
0.778613 0.694326 0.000273
0.778613 0.737550 0.000268
0.778613 0.778613 0.000262
0.778613 0.817623 0.000256
0.778613 0.854683 0.000251
0.778613 0.889889 0.000246
0.778613 0.923335 0.000243
0.778613 0.955109 0.000240
0.778613 0.985294 0.000238

0.817623 0.038970 0.000049
0.817623 0.114962 0.000122
0.817623 0.187155 0.000173
0.817623 0.255738 0.000209
0.817623 0.320891 0.000234
0.817623 0.382788 0.000251
0.817623 0.441589 0.000261
0.817623 0.497450 0.000267
0.817623 0.550518 0.000270
0.817623 0.600933 0.000270
0.817623 0.648827 0.000268
0.817623 0.694326 0.000264
0.817623 0.737550 0.000260
0.817623 0.778613 0.000256
0.817623 0.817623 0.000252
0.817623 0.854683 0.000248
0.817623 0.889889 0.000245
0.817623 0.923335 0.000243
0.817623 0.955109 0.000242
0.817623 0.985294 0.000242

0.854683 0.038970 0.000045
0.854683 0.114962 0.000112
0.854683 0.187155 0.000160
0.854683 0.255738 0.000194
0.854683 0.320891 0.000218
0.854683 0.382788 0.000234
0.854683 0.441589 0.000245
0.854683 0.497450 0.000252
0.854683 0.550518 0.000256
0.854683 0.600933 0.000258
0.854683 0.648827 0.000257
0.854683 0.694326 0.000256
0.854683 0.737550 0.000254
0.854683 0.778613 0.000251
0.854683 0.817623 0.000248
0.854683 0.854683 0.000246
0.854683 0.889889 0.000244
0.854683 0.923335 0.000243
0.854683 0.955109 0.000244
0.854683 0.985294 0.000245

0.889889 0.038970 0.000041
0.889889 0.114962 0.000101
0.889889 0.187155 0.000145
0.889889 0.255738 0.000176
0.889889 0.320891 0.000199
0.889889 0.382788 0.000216
0.889889 0.441589 0.000228
0.889889 0.497450 0.000237
0.889889 0.550518 0.000242
0.889889 0.600933 0.000246
0.889889 0.648827 0.000247
0.889889 0.694326 0.000248
0.889889 0.737550 0.000247
0.889889 0.778613 0.000246
0.889889 0.817623 0.000245
0.889889 0.854683 0.000244
0.889889 0.889889 0.000244
0.889889 0.923335 0.000244
0.889889 0.955109 0.000245
0.889889 0.985294 0.000248

0.923335 0.038970 0.000036
0.923335 0.114962 0.000089
0.923335 0.187155 0.000127
0.923335 0.255738 0.000157
0.923335 0.320891 0.000179
0.923335 0.382788 0.000197
0.923335 0.441589 0.000210
0.923335 0.497450 0.000221
0.923335 0.550518 0.000228
0.923335 0.600933 0.000234
0.923335 0.648827 0.000238
0.923335 0.694326 0.000240
0.923335 0.737550 0.000242
0.923335 0.778613 0.000243
0.923335 0.817623 0.000243
0.923335 0.854683 0.000243
0.923335 0.889889 0.000244
0.923335 0.923335 0.000245
0.923335 0.955109 0.000246
0.923335 0.985294 0.000249

0.955109 0.038970 0.000029
0.955109 0.114962 0.000073
0.955109 0.187155 0.000108
0.955109 0.255738 0.000135
0.955109 0.320891 0.000158
0.955109 0.382788 0.000176
0.955109 0.441589 0.000192
0.955109 0.497450 0.000204
0.955109 0.550518 0.000214
0.955109 0.600933 0.000222
0.955109 0.648827 0.000228
0.955109 0.694326 0.000233
0.955109 0.737550 0.000237
0.955109 0.778613 0.000240
0.955109 0.817623 0.000242
0.955109 0.854683 0.000244
0.955109 0.889889 0.000245
0.955109 0.923335 0.000246
0.955109 0.955109 0.000248
0.955109 0.985294 0.000251

0.985294 0.038970 0.000021
0.985294 0.114962 0.000056
0.985294 0.187155 0.000086
0.985294 0.255738 0.000112
0.985294 0.320891 0.000135
0.985294 0.382788 0.000155
0.985294 0.441589 0.000172
0.985294 0.497450 0.000187
0.985294 0.550518 0.000200
0.985294 0.600933 0.000211
0.985294 0.648827 0.000220
0.985294 0.694326 0.000227
0.985294 0.737550 0.000233
0.985294 0.778613 0.000238
0.985294 0.817623 0.000242
0.985294 0.854683 0.000245
0.985294 0.889889 0.000248
0.985294 0.923335 0.000249
0.985294 0.955109 0.000251
0.985294 0.985294 0.000252

