0.038970 0.038970 -4.9777152080642965e-06
0.038970 0.114962 -2.6526269087792979e-05
0.038970 0.187155 -4.0304684684660225e-05
0.038970 0.255738 -5.1463991591021687e-05
0.038970 0.320891 -6.0178509210589133e-05
0.038970 0.382788 -6.6748694101998200e-05
0.038970 0.441589 -7.1464447947791794e-05
0.038970 0.497450 -7.4597538784538256e-05
0.038970 0.550518 -7.6397098208598826e-05
0.038970 0.600933 -7.7087361533533988e-05
0.038970 0.648827 -7.6866974866763763e-05
0.038970 0.694326 -7.5909316815736427e-05
0.038970 0.737550 -7.4363367596526358e-05
0.038970 0.778613 -7.2354698986069213e-05
0.038970 0.817623 -6.9986148258318169e-05
0.038970 0.854683 -6.7337671436810850e-05
0.038970 0.889889 -6.4464742012567517e-05
0.038970 0.923335 -6.1394473944060147e-05
0.038970 0.955109 -5.7394215223933523e-05
0.038970 0.985294 -6.9055591255762688e-05

0.114962 0.038970 -2.5608060915007416e-05
0.114962 0.114962 -2.2336698657262195e-07
0.114962 0.187155 1.6710324457886144e-07
0.114962 0.255738 1.7863019309437982e-07
0.114962 0.320891 1.6987188808053880e-07
0.114962 0.382788 1.4853103802769509e-07
0.114962 0.441589 1.2036895414249167e-07
0.114962 0.497450 8.9584932551700440e-08
0.114962 0.550518 5.9163434969724318e-08
0.114962 0.600933 3.1176820148678844e-08
0.114962 0.648827 7.0398799492999201e-09
0.114962 0.694326 -1.2285491627558943e-08
0.114962 0.737550 -2.6141802637296015e-08
0.114962 0.778613 -3.4102890629340737e-08
0.114962 0.817623 -3.6019882617868259e-08
0.114962 0.854683 -3.2269770133312739e-08
0.114962 0.889889 -2.4350171104940514e-08
0.114962 0.923335 -1.6046721785611099e-08
0.114962 0.955109 1.9782724681453634e-06
0.114962 0.985294 -3.7229695447933892e-05

0.187155 0.038970 -4.5512087449043389e-05
0.187155 0.114962 1.6710324457662697e-07
0.187155 0.187155 1.0336486613149692e-06
0.187155 0.255738 1.2674814528578159e-06
0.187155 0.320891 1.4233470149786382e-06
0.187155 0.382788 1.5183897498135113e-06
0.187155 0.441589 1.5667121047149268e-06
0.187155 0.497450 1.5797499106638022e-06
0.187155 0.550518 1.5666637305932544e-06
0.187155 0.600933 1.5347066539237303e-06
0.187155 0.648827 1.4895467930248178e-06
0.187155 0.694326 1.4355328639921199e-06
0.187155 0.737550 1.3758967951163503e-06
0.187155 0.778613 1.3128913871074342e-06
0.187155 0.817623 1.2478672589293442e-06
0.187155 0.854683 1.1813058934786152e-06
0.187155 0.889889 1.1128497752354408e-06
0.187155 0.923335 1.0414119196672083e-06
0.187155 0.955109 4.0091530904930701e-06
0.187155 0.985294 -5.4634141432152684e-05

0.255738 0.038970 -6.4357559510263757e-05
0.255738 0.114962 1.7863019309563851e-07
0.255738 0.187155 1.2674814528355609e-06
0.255738 0.255738 1.5487278161733328e-06
0.255738 0.320891 1.7331969131612682e-06
0.255738 0.382788 1.8425921552931212e-06
0.255738 0.441589 1.8946563163465485e-06
0.255738 0.497450 1.9036765877912643e-06
0.255738 0.550518 1.8810047587972494e-06
0.255738 0.600933 1.8355438159394119e-06
0.255738 0.648827 1.7741784081178353e-06
0.255738 0.694326 1.7021424581040714e-06
0.255738 0.737550 1.6233271308079340e-06
0.255738 0.778613 1.5405393049953274e-06
0.255738 0.817623 1.4557262412091808e-06
0.255738 0.854683 1.3701863598895313e-06
0.255738 0.889889 1.2847874828829896e-06
0.255738 0.923335 1.2002094795706784e-06
0.255738 0.955109 5.0113315017710850e-06
0.255738 0.985294 -6.9214617471163994e-05

0.320891 0.038970 -8.2001107180953040e-05
0.320891 0.114962 1.6987188807862958e-07
0.320891 0.187155 1.4233470150177813e-06
0.320891 0.255738 1.7331969131455507e-06
0.320891 0.320891 1.9332098847895967e-06
0.320891 0.382788 2.0485215928757308e-06
0.320891 0.441589 2.0995659530321617e-06
0.320891 0.497450 2.1027036279738396e-06
0.320891 0.550518 2.0708606766978383e-06
0.320891 0.600933 2.0141217899780301e-06
0.320891 0.648827 1.9402553505309744e-06
0.320891 0.694326 1.8551655353513176e-06
0.320891 0.737550 1.7632760909749824e-06
0.320891 0.778613 1.6678548277763094e-06
0.320891 0.817623 1.5712889608792408e-06
0.320891 0.854683 1.4753197424306950e-06
0.320891 0.889889 1.3812406499747325e-06
0.320891 0.923335 1.2900572737192174e-06
0.320891 0.955109 5.7671407927853461e-06
0.320891 0.985294 -8.0670478736449055e-05

0.382788 0.038970 -9.8348796959326780e-05
0.382788 0.114962 1.4853103801932980e-07
0.382788 0.187155 1.5183897500352086e-06
0.382788 0.255738 1.8425921552706359e-06
0.382788 0.320891 2.0485215931137877e-06
0.382788 0.382788 2.1638039848033569e-06
0.382788 0.441589 2.2107731809033934e-06
0.382788 0.497450 2.2072172821527273e-06
0.382788 0.550518 2.1671220772686444e-06
0.382788 0.600933 2.1013518423001939e-06
0.382788 0.648827 2.0182462553656338e-06
0.382788 0.694326 1.9241305104083587e-06
0.382788 0.737550 1.8237439156109625e-06
0.382788 0.778613 1.7205953171606635e-06
0.382788 0.817623 1.6172539886415624e-06
0.382788 0.854683 1.5155834526570799e-06
0.382788 0.889889 1.4169239719438248e-06
0.382788 0.923335 1.3222282327458995e-06
0.382788 0.955109 6.3072544378899796e-06
0.382788 0.985294 -8.9364711504922451e-05

0.441589 0.038970 -1.1334888239286913e-04
0.441589 0.114962 1.2036895411667411e-07
0.441589 0.187155 1.5667121047771261e-06
0.441589 0.255738 1.8946563165011489e-06
0.441589 0.320891 2.0995659530489194e-06
0.441589 0.382788 2.2107731808877403e-06
0.441589 0.441589 2.2518506714629474e-06
0.441589 0.497450 2.2414751410095393e-06
0.441589 0.550518 2.1942626428866598e-06
0.441589 0.600933 2.1215177715222061e-06
0.441589 0.648827 2.0318814444646603e-06
0.441589 0.694326 1.9318785768708408e-06
0.441589 0.737550 1.8263732776748417e-06
0.441589 0.778613 1.7189413615453479e-06
0.441589 0.817623 1.6121703529911848e-06
0.441589 0.854683 1.5078967587918148e-06
0.441589 0.889889 1.4073898138401648e-06
0.441589 0.923335 1.3114905590026277e-06
0.441589 0.955109 6.6666999529825445e-06
0.441589 0.985294 -9.5649684950478882e-05

0.497450 0.038970 -1.2698462797994795e-04
0.497450 0.114962 8.9584932582037773e-08
0.497450 0.187155 1.5797499106688421e-06
0.497450 0.255738 1.9036765877907086e-06
0.497450 0.320891 2.1027036280279871e-06
0.497450 0.382788 2.2072172820897859e-06
0.497450 0.441589 2.2414751409703725e-06
0.497450 0.497450 2.2245948165656627e-06
0.497450 0.550518 2.1714701353956102e-06
0.497450 0.600933 2.0935709332649816e-06
0.497450 0.648827 1.9996238028669112e-06
0.497450 0.694326 1.8961821537136385e-06
0.497450 0.737550 1.7880966654772624e-06
0.497450 0.778613 1.6788979646865286e-06
0.497450 0.817623 1.5711034272648358e-06
0.497450 0.854683 1.4664596662699480e-06
0.497450 0.889889 1.3661316504634665e-06
0.497450 0.923335 1.2708484944462327e-06
0.497450 0.955109 6.8776605827298897e-06
0.497450 0.985294 -9.9862841695453068e-05

0.550518 0.038970 -1.3926747608602932e-04
0.550518 0.114962 5.9163434922232874e-08
0.550518 0.187155 1.5666637303490310e-06
0.550518 0.255738 1.8810047587962516e-06
0.550518 0.320891 2.0708606766913077e-06
0.550518 0.382788 2.1671220773520975e-06
0.550518 0.441589 2.1942626427420171e-06
0.550518 0.497450 2.1714701355481710e-06
0.550518 0.550518 2.1136322960899149e-06
0.550518 0.600933 2.0321690248156454e-06
0.550518 0.648827 1.9357296015963096e-06
0.550518 0.694326 1.8307725170112516e-06
0.550518 0.737550 1.7220423625268451e-06
0.550518 0.778613 1.6129569619235671e-06
0.550518 0.817623 1.5059175525063118e-06
0.550518 0.854683 1.4025543813043156e-06
0.550518 0.889889 1.3039192741282998e-06
0.550518 0.923335 1.2106354324183162e-06
0.550518 0.955109 6.9683048370023051e-06
0.550518 0.985294 -1.0231952228364376e-04

0.600933 0.038970 -1.5023071106164614e-04
0.600933 0.114962 3.1176820078781685e-08
0.600933 0.187155 1.5347066539581469e-06
0.600933 0.255738 1.8355438159807979e-06
0.600933 0.320891 2.0141217899091442e-06
0.600933 0.382788 2.1013518423118186e-06
0.600933 0.441589 2.1215177714631408e-06
0.600933 0.497450 2.0935709336188923e-06
0.600933 0.550518 2.0321690248331891e-06
0.600933 0.600933 1.9485192847675390e-06
0.600933 0.648827 1.8510756034707424e-06
0.600933 0.694326 1.7461167410551568e-06
0.600933 0.737550 1.6382220612341133e-06
0.600933 0.778613 1.5306578718088823e-06
0.600933 0.817623 1.4256869232897758e-06
0.600933 0.854683 1.3248135050760091e-06
0.600933 0.889889 1.2289759699998605e-06
0.600933 0.923335 1.1386972166758136e-06
0.600933 0.955109 6.9627985357997252e-06
0.600933 0.985294 -1.0330820814289884e-04

0.648827 0.038970 -1.5992366203246988e-04
0.648827 0.114962 7.0398799359100233e-09
0.648827 0.187155 1.4895467930113770e-06
0.648827 0.255738 1.7741784081971633e-06
0.648827 0.320891 1.9402553505603410e-06
0.648827 0.382788 2.0182462554419854e-06
0.648827 0.441589 2.0318814445173931e-06
0.648827 0.497450 1.9996238029662918e-06
0.648827 0.550518 1.9357296015201511e-06
0.648827 0.600933 1.8510756035493132e-06
0.648827 0.648827 1.7538387990869190e-06
0.648827 0.694326 1.6500627603926397e-06
0.648827 0.737550 1.5441259781735284e-06
0.648827 0.778613 1.4391231915142586e-06
0.648827 0.817623 1.3371707228459530e-06
0.648827 0.854683 1.2396474351862864e-06
0.648827 0.889889 1.1473833190369742e-06
0.648827 0.923335 1.0608070576877490e-06
0.648827 0.955109 6.8816147341680740e-06
0.648827 0.985294 -1.0308815200686769e-04

0.694326 0.038970 -1.6840636716362395e-04
0.694326 0.114962 -1.2285491607811217e-08
0.694326 0.187155 1.4355328642087909e-06
0.694326 0.255738 1.7021424580729158e-06
0.694326 0.320891 1.8551655353849499e-06
0.694326 0.382788 1.9241305100660151e-06
0.694326 0.441589 1.9318785767974166e-06
0.694326 0.497450 1.8961821544987499e-06
0.694326 0.550518 1.8307725170511503e-06
0.694326 0.600933 1.7461167410136116e-06
0.694326 0.648827 1.6500627612440569e-06
0.694326 0.694326 1.5483852307196784e-06
0.694326 0.737550 1.4452419651513358e-06
0.694326 0.778613 1.3435477531457556e-06
0.694326 0.817623 1.2452736323751126e-06
0.694326 0.854683 1.1516813009612340e-06
0.694326 0.889889 1.0635038317388619e-06
0.694326 0.923335 9.8108521966097504e-07
0.694326 0.955109 6.7419257199830389e-06
0.694326 0.985294 -1.0188884546918854e-04

0.737550 0.038970 -1.7574447828826625e-04
0.737550 0.114962 -2.6141802483440951e-08
0.737550 0.187155 1.3758967954191832e-06
0.737550 0.255738 1.6233271312254620e-06
0.737550 0.320891 1.7632760909480213e-06
0.737550 0.382788 1.8237439156795586e-06
0.737550 0.441589 1.8263732776998427e-06
0.737550 0.497450 1.7880966655193226e-06
0.737550 0.550518 1.7220423626328801e-06
0.737550 0.600933 1.6382220620802924e-06
0.737550 0.648827 1.5441259780467174e-06
0.737550 0.694326 1.4452419651119318e-06
0.737550 0.737550 1.3454973584966332e-06
0.737550 0.778613 1.2476245286072046e-06
0.737550 0.817623 1.1534546887154447e-06
0.737550 0.854683 1.0641462480418838e-06
0.737550 0.889889 9.8035556155839378e-07
0.737550 0.923335 9.0236133608303587e-07
0.737550 0.955109 6.5580026749841226e-06
0.737550 0.985294 -9.9910793509568963e-05

0.778613 0.038970 -1.8200398433381438e-04
0.778613 0.114962 -3.4102890683913376e-08
0.778613 0.187155 1.3128913870723095e-06
0.778613 0.255738 1.5405393050079736e-06
0.778613 0.320891 1.6678548277915865e-06
0.778613 0.382788 1.7205953172780046e-06
0.778613 0.441589 1.7189413615365727e-06
0.778613 0.497450 1.6788979646095706e-06
0.778613 0.550518 1.6129569626948686e-06
0.778613 0.600933 1.5306578719815619e-06
0.778613 0.648827 1.4391231915658395e-06
0.778613 0.694326 1.3435477530845591e-06
0.778613 0.737550 1.2476245282583219e-06
0.778613 0.778613 1.1539019754611113e-06
0.778613 0.817623 1.0640750060423066e-06
0.778613 0.854683 9.7921276361340740e-07
0.778613 0.889889 8.9992430873249137e-07
0.778613 0.923335 8.2646380898813217e-07
0.778613 0.955109 6.3415856401920444e-06
0.778613 0.985294 -9.7327172752815225e-05

0.817623 0.038970 -1.8724502940844310e-04
0.817623 0.114962 -3.6019882704850073e-08
0.817623 0.187155 1.2478672590579560e-06
0.817623 0.255738 1.4557262412509243e-06
0.817623 0.320891 1.5712889608041124e-06
0.817623 0.382788 1.6172539889115287e-06
0.817623 0.441589 1.6121703530299214e-06
0.817623 0.497450 1.5711034272477155e-06
0.817623 0.550518 1.5059175524649834e-06
0.817623 0.600933 1.4256869231873322e-06
0.817623 0.648827 1.3371707230558613e-06
0.817623 0.694326 1.2452736324450572e-06
0.817623 0.737550 1.1534546888394571e-06
0.817623 0.778613 1.0640750053418985e-06
0.817623 0.817623 9.7868749932908936e-07
0.817623 0.854683 8.9827344482029821e-07
0.817623 0.889889 8.2342243267620300e-07
0.817623 0.923335 7.5443653892527435e-07
0.817623 0.955109 6.1021914125924076e-06
0.817623 0.985294 -9.4286081026650407e-05

0.854683 0.038970 -1.9151363578228612e-04
0.854683 0.114962 -3.2269770187304313e-08
0.854683 0.187155 1.1813058935799831e-06
0.854683 0.255738 1.3701863598345064e-06
0.854683 0.320891 1.4753197425135806e-06
0.854683 0.382788 1.5155834526756943e-06
0.854683 0.441589 1.5078967584674994e-06
0.854683 0.497450 1.4664596663881057e-06
0.854683 0.550518 1.4025543805740241e-06
0.854683 0.600933 1.3248135050649367e-06
0.854683 0.648827 1.2396474352327852e-06
0.854683 0.694326 1.1516813010295049e-06
0.854683 0.737550 1.0641462479810804e-06
0.854683 0.778613 9.7921276323380789e-07
0.854683 0.817623 8.9827344447790717e-07
0.854683 0.854683 8.2219117795166355e-07
0.854683 0.889889 7.5152367089909077e-07
0.854683 0.923335 6.8670010699103013e-07
0.854683 0.955109 5.8473101978102348e-06
0.854683 0.985294 -9.0913282056482637e-05

0.889889 0.038970 -1.9482943924462167e-04
0.889889 0.114962 -2.4350171139948386e-08
0.889889 0.187155 1.1128497750995937e-06
0.889889 0.255738 1.2847874828622390e-06
0.889889 0.320891 1.3812406499490978e-06
0.889889 0.382788 1.4169239717721313e-06
0.889889 0.441589 1.4073898141248221e-06
0.889889 0.497450 1.3661316502311864e-06
0.889889 0.550518 1.3039192741497399e-06
0.889889 0.600933 1.2289759700334437e-06
0.889889 0.648827 1.1473833196936348e-06
0.889889 0.694326 1.0635038319368101e-06
0.889889 0.737550 9.8035556177097872e-07
0.889889 0.778613 8.9992430886773881e-07
0.889889 0.817623 8.2342243276681520e-07
0.889889 0.854683 7.5152367080870219e-07
0.889889 0.889889 6.8462947431426887e-07
0.889889 0.923335 6.2323202392904525e-07
0.889889 0.955109 5.5824158977954627e-06
0.889889 0.985294 -8.7315854107164253e-05

0.923335 0.038970 -1.9716652562903257e-04
0.923335 0.114962 -1.6046721843541377e-08
0.923335 0.187155 1.0414119201550180e-06
0.923335 0.255738 1.2002094791602529e-06
0.923335 0.320891 1.2900572737271609e-06
0.923335 0.382788 1.3222282326187497e-06
0.923335 0.441589 1.3114905592827957e-06
0.923335 0.497450 1.2708484943661136e-06
0.923335 0.550518 1.2106354322395516e-06
0.923335 0.600933 1.1386972167203133e-06
0.923335 0.648827 1.0608070576100591e-06
0.923335 0.694326 9.8108522041095156e-07
0.923335 0.737550 9.0236133711600272e-07
0.923335 0.778613 8.2646380904271497e-07
0.923335 0.817623 7.5443653888858766e-07
0.923335 0.854683 6.8670010699448602e-07
0.923335 0.889889 6.2323202299986366e-07
0.923335 0.923335 5.6401874159624357e-07
0.923335 0.955109 5.3108309645696772e-06
0.923335 0.985294 -8.3589021286858576e-05

0.955109 0.038970 -1.9769885291794694e-04
0.955109 0.114962 1.9782724681517212e-06
0.955109 0.187155 4.0091530905322454e-06
0.955109 0.255738 5.0113315017877207e-06
0.955109 0.320891 5.7671407928345604e-06
0.955109 0.382788 6.3072544378824139e-06
0.955109 0.441589 6.6666999528754220e-06
0.955109 0.497450 6.8776605827245297e-06
0.955109 0.550518 6.9683048370221867e-06
0.955109 0.600933 6.9627985357207953e-06
0.955109 0.648827 6.8816147340138327e-06
0.955109 0.694326 6.7419257198481235e-06
0.955109 0.737550 6.5580026751717438e-06
0.955109 0.778613 6.3415856408400110e-06
0.955109 0.817623 6.1021914128593043e-06
0.955109 0.854683 5.8473101979098832e-06
0.955109 0.889889 5.5824158980450731e-06
0.955109 0.923335 5.3108309643966453e-06
0.955109 0.955109 9.6173060918480583e-06
0.955109 0.985294 -7.5471421505242191e-05

0.985294 0.038970 -2.1212419816343960e-04
0.985294 0.114962 -3.7344629930518691e-05
0.985294 0.187155 -5.4834005650801574e-05
0.985294 0.255738 -6.9474352524814603e-05
0.985294 0.320891 -8.0969593807056874e-05
0.985294 0.382788 -8.9686794414471117e-05
0.985294 0.441589 -9.5981869320322624e-05
0.985294 0.497450 -1.0019527617647077e-04
0.985294 0.550518 -1.0264487026757105e-04
0.985294 0.600933 -1.0362119394948584e-04
0.985294 0.648827 -1.0338516092742828e-04
0.985294 0.694326 -1.0216757922893599e-04
0.985294 0.737550 -1.0016997906467557e-04
0.985294 0.778613 -9.7566320179193699e-05
0.985294 0.817623 -9.4505285205311344e-05
0.985294 0.854683 -9.1113062474351410e-05
0.985294 0.889889 -8.7497027195739441e-05
0.985294 0.923335 -8.3752600092352201e-05
0.985294 0.955109 -7.5618538000090068e-05
0.985294 0.985294 -1.5287534540500995e-04

