0.114962 0.114962 1.0139677285865289e-05
0.114962 0.187155 1.1847854911034011e-05
0.114962 0.255738 1.3410739786398241e-05
0.114962 0.320891 1.4546699324670727e-05
0.114962 0.382788 1.5318864675081632e-05
0.114962 0.441589 1.5785199040839372e-05
0.114962 0.497450 1.5997843687866236e-05
0.114962 0.550518 1.6002919584066647e-05
0.114962 0.600933 1.5840636568591998e-05
0.114962 0.648827 1.5545599563160548e-05
0.114962 0.694326 1.5147234247547721e-05
0.114962 0.737550 1.4670285233026678e-05
0.114962 0.778613 1.4135371651688626e-05
0.114962 0.817623 1.3559622949470494e-05
0.114962 0.854683 1.2957467099931650e-05
0.114962 0.889889 1.2341709877590429e-05
0.114962 0.923335 1.1725130964156007e-05
0.114962 0.955109 9.1291533378611939e-06

0.187155 0.114962 1.1847854911036462e-05
0.187155 0.187155 1.2501890882016334e-05
0.187155 0.255738 1.3305642922032275e-05
0.187155 0.320891 1.3792152456211310e-05
0.187155 0.382788 1.4020576421967794e-05
0.187155 0.441589 1.4042063206620460e-05
0.187155 0.497450 1.3900233832094559e-05
0.187155 0.550518 1.3631852706242871e-05
0.187155 0.600933 1.3267586229525058e-05
0.187155 0.648827 1.2832783153386293e-05
0.187155 0.694326 1.2348237519477422e-05
0.187155 0.737550 1.1830914446373414e-05
0.187155 0.778613 1.1294631171754616e-05
0.187155 0.817623 1.0750689651006401e-05
0.187155 0.854683 1.0208450294487032e-05
0.187155 0.889889 9.6758152943167975e-06
0.187155 0.923335 9.1595499263927617e-06
0.187155 0.955109 5.6216643126309049e-06

0.255738 0.114962 1.3410739786397416e-05
0.255738 0.187155 1.3305642922054964e-05
0.255738 0.255738 1.3571450726231463e-05
0.255738 0.320891 1.3592636525459861e-05
0.255738 0.382788 1.3426938877781210e-05
0.255738 0.441589 1.3121803907179915e-05
0.255738 0.497450 1.2715705371877060e-05
0.255738 0.550518 1.2239460711957851e-05
0.255738 0.600933 1.1717470182738155e-05
0.255738 0.648827 1.1168838665456125e-05
0.255738 0.694326 1.0608362011662855e-05
0.255738 0.737550 1.0047373436012850e-05
0.255738 0.778613 9.4944520720745627e-06
0.255738 0.817623 8.9559971388221428e-06
0.255738 0.854683 8.4366695675758819e-06
0.255738 0.889889 7.9397015188818233e-06
0.255738 0.923335 7.4670772147056765e-06
0.255738 0.955109 3.1254830915042943e-06

0.320891 0.114962 1.4546699324672636e-05
0.320891 0.187155 1.3792152456172601e-05
0.320891 0.255738 1.3592636525474711e-05
0.320891 0.320891 1.3214499355291208e-05
0.320891 0.382788 1.2713359620408324e-05
0.320891 0.441589 1.2132752276212317e-05
0.320891 0.497450 1.1506135559827897e-05
0.320891 0.550518 1.0858729486889498e-05
0.320891 0.600933 1.0209139110582249e-05
0.320891 0.648827 9.5707451191866797e-06
0.320891 0.694326 8.9528647142858507e-06
0.320891 0.737550 8.3616982201284126e-06
0.320891 0.778613 7.8010834108297453e-06
0.320891 0.817623 7.2730824283665443e-06
0.320891 0.854683 6.7784275922059208e-06
0.320891 0.889889 6.3168539688653673e-06
0.320891 0.923335 5.8873489870563754e-06
0.320891 0.955109 9.2381152918523610e-07

0.382788 0.114962 1.5318864675089997e-05
0.382788 0.187155 1.4020576421968142e-05
0.382788 0.255738 1.3426938877803695e-05
0.382788 0.320891 1.2713359620392312e-05
0.382788 0.382788 1.1932868424679671e-05
0.382788 0.441589 1.1125065963520429e-05
0.382788 0.497450 1.0318674242321519e-05
0.382788 0.550518 9.5337872966268905e-06
0.382788 0.600933 8.7837978578916934e-06
0.382788 0.648827 8.0770014002342825e-06
0.382788 0.694326 7.4178985863147933e-06
0.382788 0.737550 6.8082291005031625e-06
0.382788 0.778613 6.2477753349400526e-06
0.382788 0.817623 5.7349754798716052e-06
0.382788 0.854683 5.2673840153109533e-06
0.382788 0.889889 4.8420144571730131e-06
0.382788 0.923335 4.4555948167691398e-06
0.382788 0.955109 -9.7033919466687363e-07

0.441589 0.114962 1.5785199040865623e-05
0.441589 0.187155 1.4042063206558260e-05
0.441589 0.255738 1.3121803907246492e-05
0.441589 0.320891 1.2132752276196426e-05
0.441589 0.382788 1.1125065963536082e-05
0.441589 0.441589 1.0134527722429308e-05
0.441589 0.497450 9.1855029367899125e-06
0.441589 0.550518 8.2935027871694798e-06
0.441589 0.600933 7.4673436864622123e-06
0.441589 0.648827 6.7109162352778625e-06
0.441589 0.694326 6.0245973954566184e-06
0.441589 0.737550 5.4063516433765422e-06
0.441589 0.778613 4.8525710539860199e-06
0.441589 0.817623 4.3587030348085049e-06
0.441589 0.854683 3.9197099773154105e-06
0.441589 0.889889 3.5303989678022650e-06
0.441589 0.923335 3.1856528248846088e-06
0.441589 0.955109 -2.5653981415973547e-06

0.497450 0.114962 1.5997843687835465e-05
0.497450 0.187155 1.3900233832116407e-05
0.497450 0.255738 1.2715705371877616e-05
0.497450 0.320891 1.1506135559774617e-05
0.497450 0.382788 1.0318674242385328e-05
0.497450 0.441589 9.1855029367735681e-06
0.497450 0.497450 8.1270683710195040e-06
0.497450 0.550518 7.1548686527907358e-06
0.497450 0.600933 6.2737839358626012e-06
0.497450 0.648827 5.4839673157272350e-06
0.497450 0.694326 4.7823366156484438e-06
0.497450 0.737550 4.1637216168644963e-06
0.497450 0.778613 3.6217249762932703e-06
0.497450 0.817623 3.1493522327333368e-06
0.497450 0.854683 2.7394600609508311e-06
0.497450 0.889889 2.3850643683242948e-06
0.497450 0.923335 2.0795422062599842e-06
0.497450 0.955109 -3.8798911472533764e-06

0.550518 0.114962 1.6002919584114138e-05
0.550518 0.187155 1.3631852706237294e-05
0.550518 0.255738 1.2239460711957981e-05
0.550518 0.320891 1.0858729486895161e-05
0.550518 0.382788 9.5337872965443048e-06
0.550518 0.441589 8.2935027872586114e-06
0.550518 0.497450 7.1548686526381750e-06
0.550518 0.550518 6.1259340265986452e-06
0.550518 0.600933 5.2082556003869133e-06
0.550518 0.648827 4.3988744780781942e-06
0.550518 0.694326 3.6918615369048823e-06
0.550518 0.737550 3.0794921039039270e-06
0.550518 0.778613 2.5531147904416589e-06
0.550518 0.817623 2.1037753582700915e-06
0.550518 0.854683 1.7226489419112429e-06
0.550518 0.889889 1.4013254021530877e-06
0.550518 0.923335 1.1319844018487253e-06
0.550518 0.955109 -4.9378021374977987e-06

0.600933 0.114962 1.5840636568550873e-05
0.600933 0.187155 1.3267586229518397e-05
0.600933 0.255738 1.1717470182696769e-05
0.600933 0.320891 1.0209139110595623e-05
0.600933 0.382788 8.7837978579364473e-06
0.600933 0.441589 7.4673436865212776e-06
0.600933 0.497450 6.2737839359536471e-06
0.600933 0.550518 5.2082556003702369e-06
0.600933 0.600933 4.2695592010142457e-06
0.600933 0.648827 3.4521936298627067e-06
0.600933 0.694326 2.7479339368319293e-06
0.600933 0.737550 2.1470182405288230e-06
0.600933 0.778613 1.6390145303050554e-06
0.600933 0.817623 1.2134330599224187e-06
0.600933 0.854683 8.6014109625309136e-07
0.600933 0.889889 5.6962708778430859e-07
0.600933 0.923335 3.3315246959026242e-07
0.600933 0.955109 -5.7657749663038874e-06

0.648827 0.114962 1.5545599563173937e-05
0.648827 0.187155 1.2832783153372846e-05
0.648827 0.255738 1.1168838665544198e-05
0.648827 0.320891 9.5707451192145589e-06
0.648827 0.382788 8.0770014001579309e-06
0.648827 0.441589 6.7109162352259970e-06
0.648827 0.497450 5.4839673156295891e-06
0.648827 0.550518 4.3988744781560873e-06
0.648827 0.600933 3.4521936297841359e-06
0.648827 0.648827 2.6363895444055823e-06
0.648827 0.694326 1.9414293776640670e-06
0.648827 0.737550 1.3559693704913239e-06
0.648827 0.778613 8.6821162302642057e-07
0.648827 0.817623 4.6650121387719723e-07
0.648827 0.854683 1.3972340720450044e-07
0.648827 0.889889 -1.2245053316708499e-07
0.648827 0.923335 -3.2943051096998878e-07
0.648827 0.955109 -6.3912098494376047e-06

0.694326 0.114962 1.5147234247527540e-05
0.694326 0.187155 1.2348237519455907e-05
0.694326 0.255738 1.0608362011694011e-05
0.694326 0.320891 8.9528647141975746e-06
0.694326 0.382788 7.4178985862130477e-06
0.694326 0.441589 6.0245973955300426e-06
0.694326 0.497450 4.7823366157523782e-06
0.694326 0.550518 3.6918615368649837e-06
0.694326 0.600933 2.7479339368734746e-06
0.694326 0.648827 1.9414293776999608e-06
0.694326 0.694326 1.2609330755456661e-06
0.694326 0.737550 6.9391586485723566e-07
0.694326 0.778613 2.2757382105863158e-07
0.694326 0.817623 -1.5059357740261316e-07
0.694326 0.854683 -4.5240390850430085e-07
0.694326 0.889889 -6.8876087428632363e-07
0.694326 0.923335 -8.6953432407519397e-07
0.694326 0.955109 -6.8409579469185013e-06

0.737550 0.114962 1.4670285233094868e-05
0.737550 0.187155 1.1830914446320382e-05
0.737550 0.255738 1.0047373436038544e-05
0.737550 0.320891 8.3616982202108848e-06
0.737550 0.382788 6.8082291004900776e-06
0.737550 0.441589 5.4063516434070523e-06
0.737550 0.497450 4.1637216168224361e-06
0.737550 0.550518 3.0794921037978921e-06
0.737550 0.600933 2.1470182405708223e-06
0.737550 0.648827 1.3559693706172675e-06
0.737550 0.694326 6.9391586489663963e-07
0.737550 0.737550 1.4748517023585893e-07
0.737550 0.778613 -2.9682241367587570e-07
0.737550 0.817623 -6.5207920867865131e-07
0.737550 0.854683 -9.3057045340396897e-07
0.737550 0.889889 -1.1435761114415106e-06
0.737550 0.923335 -1.3012554368707789e-06
0.737550 0.955109 -7.1404542774893535e-06

0.778613 0.114962 1.4135371651659932e-05
0.778613 0.187155 1.1294631171761551e-05
0.778613 0.255738 9.4944520721165603e-06
0.778613 0.320891 7.8010834108144682e-06
0.778613 0.382788 6.2477753348227115e-06
0.778613 0.441589 4.8525710539947951e-06
0.778613 0.497450 3.6217249763710957e-06
0.778613 0.550518 2.5531147905585359e-06
0.778613 0.600933 1.6390145301323759e-06
0.778613 0.648827 8.6821162297397229e-07
0.778613 0.694326 2.2757382111982801e-07
0.778613 0.737550 -2.9682241377108220e-07
0.778613 0.778613 -7.1890558985720143e-07
0.778613 0.817623 -1.0520838282095067e-06
0.778613 0.854683 -1.3089114259474247e-06
0.778613 0.889889 -1.5008879191053161e-06
0.778613 0.923335 -1.6383418318160543e-06
0.778613 0.955109 -7.3131701114427401e-06

0.817623 0.114962 1.3559622949557476e-05
0.817623 0.187155 1.0750689650905979e-05
0.817623 0.255738 8.9559971387803993e-06
0.817623 0.320891 7.2730824283852942e-06
0.817623 0.382788 5.7349754799902169e-06
0.817623 0.441589 4.3587030347697684e-06
0.817623 0.497450 3.1493522328632140e-06
0.817623 0.550518 2.1037753582021324e-06
0.817623 0.600933 1.2134330600248623e-06
0.817623 0.648827 4.6650121377917858e-07
0.817623 0.694326 -1.5059357735980073e-07
0.817623 0.737550 -6.5207920868990668e-07
0.817623 0.778613 -1.0520838283955422e-06
0.817623 0.817623 -1.3641431337588965e-06
0.817623 0.854683 -1.6009029724829303e-06
0.817623 0.889889 -1.7739543450154602e-06
0.817623 0.923335 -1.8937332279569513e-06
0.817623 0.955109 -7.3802793545000262e-06

0.854683 0.114962 1.2957467099958320e-05
0.854683 0.187155 1.0208450294441175e-05
0.854683 0.255738 8.4366695676864180e-06
0.854683 0.320891 6.7784275920675241e-06
0.854683 0.382788 5.2673840152368278e-06
0.854683 0.441589 3.9197099772520152e-06
0.854683 0.497450 2.7394600608326734e-06
0.854683 0.550518 1.7226489418643783e-06
0.854683 0.600933 8.6014109637518607e-07
0.854683 0.648827 1.3972340715800172e-07
0.854683 0.694326 -4.5240390857083699e-07
0.854683 0.737550 -9.3057045345418786e-07
0.854683 0.778613 -1.3089114255678252e-06
0.854683 0.817623 -1.6009029726956508e-06
0.854683 0.854683 -1.8191036198337665e-06
0.854683 0.889889 -1.9750547282628225e-06
0.854683 0.923335 -2.0792685869071824e-06
0.854683 0.955109 -7.3604269548377537e-06

0.889889 0.114962 1.2341709877625436e-05
0.889889 0.187155 9.6758152942856775e-06
0.889889 0.255738 7.9397015189580851e-06
0.889889 0.320891 6.3168539688910019e-06
0.889889 0.382788 4.8420144572345517e-06
0.889889 0.441589 3.5303989679070531e-06
0.889889 0.497450 2.3850643684446853e-06
0.889889 0.550518 1.4013254021316476e-06
0.889889 0.600933 5.6962708786088037e-07
0.889889 0.648827 -1.2245053304745684e-07
0.889889 0.694326 -6.8876087437324954e-07
0.889889 0.737550 -1.1435761115430733e-06
0.889889 0.778613 -1.5008879192405635e-06
0.889889 0.817623 -1.7739543451060724e-06
0.889889 0.854683 -1.9750547281724339e-06
0.889889 0.889889 -2.1154519035138458e-06
0.889889 0.923335 -2.2055812086171263e-06
0.889889 0.955109 -7.2694719957162584e-06

0.923335 0.114962 1.1725130964186616e-05
0.923335 0.187155 9.1595499263490413e-06
0.923335 0.255738 7.4670772146997684e-06
0.923335 0.320891 5.8873489870492993e-06
0.923335 0.382788 4.4555948168416458e-06
0.923335 0.441589 3.1856528246599520e-06
0.923335 0.497450 2.0795422062854596e-06
0.923335 0.550518 1.1319844019173350e-06
0.923335 0.600933 3.3315246943387304e-07
0.923335 0.648827 -3.2943051100418858e-07
0.923335 0.694326 -8.6953432393612471e-07
0.923335 0.737550 -1.3012554369036777e-06
0.923335 0.778613 -1.6383418317587474e-06
0.923335 0.817623 -1.8937332278075075e-06
0.923335 0.854683 -2.0792685870207932e-06
0.923335 0.889889 -2.2055812085752558e-06
0.923335 0.923335 -2.2823900867960045e-06
0.923335 0.955109 -7.1202041307076100e-06

0.955109 0.114962 9.1291533378687138e-06
0.955109 0.187155 5.6216643126194852e-06
0.955109 0.255738 3.1254830915431693e-06
0.955109 0.320891 9.2381152908051064e-07
0.955109 0.382788 -9.7033919466017529e-07
0.955109 0.441589 -2.5653981414902321e-06
0.955109 0.497450 -3.8798911471925053e-06
0.955109 0.550518 -4.9378021374621691e-06
0.955109 0.600933 -5.7657749662249575e-06
0.955109 0.648827 -6.3912098493943857e-06
0.955109 0.694326 -6.8409579466725636e-06
0.955109 0.737550 -7.1404542776769747e-06
0.955109 0.778613 -7.3131701112025284e-06
0.955109 0.817623 -7.3802793546567679e-06
0.955109 0.854683 -7.3604269549391368e-06
0.955109 0.889889 -7.2694719959658689e-06
0.955109 0.923335 -7.1202041305337108e-06
0.955109 0.955109 -1.1505860140154661e-05

