0.056920162996 0.006496543798
0.165068472688 0.009340232010
0.262401951411 0.007973198184
0.350002082261 0.005787009790
0.428842200026 0.003613073014
0.499798306015 0.001826095036
0.563658801405 0.000525431628
0.621133247256 -0.000327731576
0.672860248522 -0.000824923235
0.719414549662 -0.001064741967
0.761313420687 -0.001132579250
0.799022404610 -0.001094445861
0.832960490140 -0.000997608231
0.863504767118 -0.000873867197
0.890994616398 -0.000743359500
0.915735480749 -0.000617955529
0.938002258666 -0.000503955254
0.958042358791 -0.000404079035
0.976078448903 -0.000318864586
0.992310930005 -0.000219900318
