0.165068472688 -0.000629206271
0.262401951411 -0.000156127500
0.350002082261 -0.000141695917
0.428842200026 -0.000110588529
0.499798306015 -0.000077103156
0.563658801405 -0.000048186187
0.621133247256 -0.000026120062
0.672860248522 -0.000010736885
0.719414549662 -0.000000855330
0.761313420687 0.000004928638
0.799022404610 0.000007876754
0.832960490140 0.000008984811
0.863504767118 0.000008977763
0.890994616398 0.000008352626
0.915735480749 0.000007432829
0.938002258666 0.000006417959
0.958042358791 0.000005423505
0.976078448903 0.000049300460
