1.000000000000 0.068227357946
2.000000000000 0.069600211549
3.000000000000 0.065394429282
4.000000000000 0.064089214509
5.000000000000 0.061505816132
6.000000000000 0.060283403972
7.000000000000 0.058417725401
8.000000000000 0.057378389417
9.000000000000 0.055920938286
10.000000000000 0.055035110764
11.000000000000 0.053842010109
12.000000000000 0.053076488533
13.000000000000 0.052068805814
14.000000000000 0.051397935042
15.000000000000 0.050527567548
16.000000000000 0.049932395448
17.000000000000 0.049167809697
18.000000000000 0.048634259071
19.000000000000 0.047953642375
20.000000000000 0.047471079254
21.000000000000 0.046858707321
22.000000000000 0.046418946679
23.000000000000 0.045863107018
24.000000000000 0.045459734843
25.000000000000 0.044951467860
26.000000000000 0.044579375107
27.000000000000 0.044111673965
28.000000000000 0.043766730902
29.000000000000 0.043334012784
30.000000000000 0.043012837217
31.000000000000 0.042610582361
32.000000000000 0.042310371655
33.000000000000 0.041934869986
34.000000000000 0.041653277205
35.000000000000 0.041301446210
36.000000000000 0.041036487343
37.000000000000 0.040705738403
38.000000000000 0.040455721845
39.000000000000 0.040143860346
40.000000000000 0.039907332596
41.000000000000 0.039612482065
42.000000000000 0.039388185393
43.000000000000 0.039108729062
44.000000000000 0.038895568160
45.000000000000 0.038630103376
46.000000000000 0.038427118812
47.000000000000 0.038174421053
48.000000000000 0.037980767949
49.000000000000 0.037739762140
50.000000000000 0.037554692898
51.000000000000 0.037324430307
52.000000000000 0.037147280509
53.000000000000 0.036926919990
54.000000000000 0.036757096791
55.000000000000 0.036545889421
56.000000000000 0.036382861934
57.000000000000 0.036180138338
58.000000000000 0.036023429608
59.000000000000 0.035828589417
60.000000000000 0.035677769677
61.000000000000 0.035490272705
62.000000000000 0.035344953675
63.000000000000 0.035164312479
64.000000000000 0.035024142510
65.000000000000 0.034849916081
66.000000000000 0.034714575997
67.000000000000 0.034546364373
68.000000000000 0.034415563883
69.000000000000 0.034253003520
70.000000000000 0.034126478119
71.000000000000 0.033969237897
72.000000000000 0.033846746151
73.000000000000 0.033694523901
74.000000000000 0.033575845082
75.000000000000 0.033428364559
76.000000000000 0.033313296553
77.000000000000 0.033170304778
78.000000000000 0.033058662244
79.000000000000 0.032919927165
80.000000000000 0.032811539893
81.000000000000 0.032676848318
82.000000000000 0.032571559774
83.000000000000 0.032440715532
84.000000000000 0.032338381554
85.000000000000 0.032211203862
86.000000000000 0.032111691492
87.000000000000 0.031988013495
88.000000000000 0.031891199929
89.000000000000 0.031770867393
90.000000000000 0.031676639043
91.000000000000 0.031559509182
92.000000000000 0.031467760816
93.000000000000 0.031353701238
94.000000000000 0.031264335223
95.000000000000 0.031153222981
96.000000000000 0.031066148578
97.000000000000 0.030957869313
98.000000000000 0.030873002060
99.000000000000 0.030767449227
100.000000000000 0.030684710361
101.000000000000 0.030581784533
102.000000000000 0.030501100482
103.000000000000 0.030400708714
104.000000000000 0.030322010627
105.000000000000 0.030224065885
106.000000000000 0.030147289211
107.000000000000 0.030051709857
108.000000000000 0.029976793960
109.000000000000 0.029883503276
110.000000000000 0.029810391090
111.000000000000 0.029719316856
112.000000000000 0.029647954568
113.000000000000 0.029559028678
114.000000000000 0.029489365445
115.000000000000 0.029402523550
116.000000000000 0.029334511237
117.000000000000 0.029249692436
118.000000000000 0.029183285386
119.000000000000 0.029100431930
120.000000000000 0.029035586750
121.000000000000 0.028954643786
122.000000000000 0.028891319155
123.000000000000 0.028812234488
124.000000000000 0.028750390982
125.000000000000 0.028673114860
126.000000000000 0.028612714797
127.000000000000 0.028537199716
128.000000000000 0.028478207014
129.000000000000 0.028404407539
130.000000000000 0.028346787586
131.000000000000 0.028274660197
132.000000000000 0.028218379735
133.000000000000 0.028147882674
134.000000000000 0.028092909695
135.000000000000 0.028024002840
136.000000000000 0.027970306492
137.000000000000 0.027902951235
138.000000000000 0.027850501732
139.000000000000 0.027784660871
140.000000000000 0.027733429423
141.000000000000 0.027669067064
142.000000000000 0.027619025801
143.000000000000 0.027556107269
144.000000000000 0.027507229181
145.000000000000 0.027445720938
146.000000000000 0.027397979819
147.000000000000 0.027337849391
148.000000000000 0.027291219784
149.000000000000 0.027232435697
150.000000000000 0.027186892853
151.000000000000 0.027129424568
152.000000000000 0.027084944400
153.000000000000 0.027028762262
154.000000000000 0.026985321309
155.000000000000 0.026930396496
156.000000000000 0.026887971891
157.000000000000 0.026834276366
158.000000000000 0.026792845800
159.000000000000 0.026740352274
160.000000000000 0.026699893976
161.000000000000 0.026648575867
162.000000000000 0.026609068570
163.000000000000 0.026558899970
164.000000000000 0.026520322896
165.000000000000 0.026471278541
166.000000000000 0.026433611376
167.000000000000 0.026385666614
168.000000000000 0.026348889490
169.000000000000 0.026302020259
170.000000000000 0.026266113738
171.000000000000 0.026220296538
172.000000000000 0.026185241597
173.000000000000 0.026140453471
174.000000000000 0.026106231486
175.000000000000 0.026062449998
176.000000000000 0.026029042732
177.000000000000 0.025986245950
178.000000000000 0.025953635540
179.000000000000 0.025911802019
180.000000000000 0.025879970968
181.000000000000 0.025839079730
182.000000000000 0.025808010895
183.000000000000 0.025768041419
184.000000000000 0.025737718002
185.000000000000 0.025698650209
186.000000000000 0.025669055747
187.000000000000 0.025630869988
188.000000000000 0.025601988348
189.000000000000 0.025564665387
190.000000000000 0.025536480758
191.000000000000 0.025500001768
192.000000000000 0.025472498651
193.000000000000 0.025436845200
194.000000000000 0.025410008403
195.000000000000 0.025375162445
196.000000000000 0.025348977078
197.000000000000 0.025314920942
198.000000000000 0.025289372412
199.000000000000 0.025256088794
200.000000000000 0.025231162795
201.000000000000 0.025198634752
202.000000000000 0.025174317264
203.000000000000 0.025142528202
204.000000000000 0.025118805484
205.000000000000 0.025087739153
206.000000000000 0.025064597738
207.000000000000 0.025034238226
208.000000000000 0.025011664915
209.000000000000 0.024981996636
210.000000000000 0.024959978498
211.000000000000 0.024930986191
212.000000000000 0.024909510553
213.000000000000 0.024881179272
214.000000000000 0.024860233717
215.000000000000 0.024832548825
216.000000000000 0.024812121189
217.000000000000 0.024785068353
218.000000000000 0.024765146719
219.000000000000 0.024738711905
220.000000000000 0.024719284598
221.000000000000 0.024693454062
222.000000000000 0.024674509650
223.000000000000 0.024649269935
224.000000000000 0.024630797218
225.000000000000 0.024606135148
226.000000000000 0.024588123159
227.000000000000 0.024564025834
228.000000000000 0.024546463834
229.000000000000 0.024522918624
230.000000000000 0.024505796097
231.000000000000 0.024482790638
232.000000000000 0.024466097290
233.000000000000 0.024443619476
234.000000000000 0.024427345228
235.000000000000 0.024405383212
236.000000000000 0.024389518198
237.000000000000 0.024368060381
238.000000000000 0.024352594945
239.000000000000 0.024331629975
240.000000000000 0.024316554667
241.000000000000 0.024296071434
242.000000000000 0.024281377004
243.000000000000 0.024261364633
244.000000000000 0.024247042033
245.000000000000 0.024227489883
246.000000000000 0.024213530258
247.000000000000 0.024194427914
248.000000000000 0.024180822602
249.000000000000 0.024162159875
250.000000000000 0.024148900400
251.000000000000 0.024130667319
252.000000000000 0.024117745392
253.000000000000 0.024099932202
254.000000000000 0.024087339716
255.000000000000 0.024069936871
256.000000000000 0.024057665896
257.000000000000 0.024040664060
258.000000000000 0.024028706842
259.000000000000 0.024012096879
260.000000000000 0.024000445836
261.000000000000 0.023984218810
262.000000000000 0.023972866528
263.000000000000 0.023957013700
264.000000000000 0.023945952929
265.000000000000 0.023930465749
266.000000000000 0.023919689406
267.000000000000 0.023904559512
268.000000000000 0.023894060668
269.000000000000 0.023879279882
270.000000000000 0.023869051768
271.000000000000 0.023854612093
272.000000000000 0.023844648090
273.000000000000 0.023830541705
274.000000000000 0.023820835347
275.000000000000 0.023807054603
276.000000000000 0.023797599570
277.000000000000 0.023784136989
278.000000000000 0.023774927106
279.000000000000 0.023761775375
280.000000000000 0.023752804607
281.000000000000 0.023739956577
282.000000000000 0.023731219029
283.000000000000 0.023718667710
284.000000000000 0.023710157623
285.000000000000 0.023697896179
286.000000000000 0.023689607926
287.000000000000 0.023677629679
288.000000000000 0.023669557764
289.000000000000 0.023657856180
290.000000000000 0.023649995234
291.000000000000 0.023638563930
292.000000000000 0.023630908711
293.000000000000 0.023619741445
294.000000000000 0.023612286831
295.000000000000 0.023601377503
296.000000000000 0.023594118493
297.000000000000 0.023583461141
298.000000000000 0.023576392852
299.000000000000 0.023565981647
300.000000000000 0.023559099311
301.000000000000 0.023548928557
302.000000000000 0.023542227517
303.000000000000 0.023532291648
304.000000000000 0.023525767359
305.000000000000 0.023516060934
306.000000000000 0.023509708956
307.000000000000 0.023500226659
308.000000000000 0.023494042659
309.000000000000 0.023484779294
310.000000000000 0.023478759044
311.000000000000 0.023469709533
312.000000000000 0.023463848903
313.000000000000 0.023455008285
314.000000000000 0.023449303245
315.000000000000 0.023440666672
316.000000000000 0.023435113289
317.000000000000 0.023426676024
318.000000000000 0.023421270458
319.000000000000 0.023413027872
320.000000000000 0.023407766376
321.000000000000 0.023399713948
322.000000000000 0.023394592865
323.000000000000 0.023386726175
324.000000000000 0.023381741937
325.000000000000 0.023374056668
326.000000000000 0.023369205793
327.000000000000 0.023361697728
328.000000000000 0.023356976818
329.000000000000 0.023349641835
330.000000000000 0.023345047576
331.000000000000 0.023337881650
332.000000000000 0.023333410806
333.000000000000 0.023326410005
334.000000000000 0.023322059420
335.000000000000 0.023315219900
336.000000000000 0.023310986496
337.000000000000 0.023304304506
338.000000000000 0.023300185279
339.000000000000 0.023293657150
340.000000000000 0.023289649170
341.000000000000 0.023283271323
342.000000000000 0.023279371731
343.000000000000 0.023273140665
344.000000000000 0.023269346674
345.000000000000 0.023263258973
346.000000000000 0.023259567863
347.000000000000 0.023253620188
348.000000000000 0.023250029306
349.000000000000 0.023244218397
350.000000000000 0.023240725156
