0 0
0.132583229624 -0.047163992409
0.326048856563 -0.014893345204
0.423554902399 -0.010384317570
0.487908847792 -0.008835095794
0.538981834270 -0.007828435842
0.582930337188 -0.007019018810
0.622257564037 -0.006314150962
0.658280538249 -0.005677438799
0.691809950735 -0.005087064557
0.723392361626 -0.004533143951
0.753418324953 -0.004005400578
0.782183138430 -0.003500459571
0.809915233586 -0.003011714452
0.836802285058 -0.002537967797
0.862997201034 -0.002074379734
0.888635040660 -0.001620416713
0.913830103311 -0.001172414109
0.938690272958 -0.000729804510
0.963310161731 -0.000289852563
0.987786827158 0.000148585472
1 0
