0.065661687307 0.021466063067
0.166068774210 0.006328168799
0.226390319197 0.003579598859
0.273737810214 0.002546835713
0.315218626223 0.001939824232
0.353192082037 0.001482487265
0.388875792120 0.001121201865
0.423013911833 0.000797632174
0.456140420155 0.000507807596
0.488665728925 0.000228951532
0.520948981287 -0.000043606779
0.553330241473 -0.000317468590
0.586165618450 -0.000608194759
0.619871670995 -0.000916349762
0.654971264212 -0.001278566003
0.692216616620 -0.001707533822
0.732794691443 -0.002310491987
0.779047641702 -0.003284820915
0.837907117131 -0.005951109467
0.935930039517 -0.020401203653
