1.000000000000 1.070124253784
2.000000000000 1.099397685799
3.000000000000 1.153779634827
4.000000000000 1.207177640701
5.000000000000 1.254878289500
6.000000000000 1.299671319890
7.000000000000 1.339634882815
8.000000000000 1.377481661765
9.000000000000 1.411773296048
10.000000000000 1.444567761823
11.000000000000 1.474679819000
12.000000000000 1.503701238129
13.000000000000 1.530626428789
14.000000000000 1.556731163662
15.000000000000 1.581146867249
16.000000000000 1.604928119355
17.000000000000 1.627313917076
18.000000000000 1.649197761544
19.000000000000 1.669904707868
20.000000000000 1.690206642550
21.000000000000 1.709498557320
22.000000000000 1.728457622503
23.000000000000 1.746536554531
24.000000000000 1.764336814585
25.000000000000 1.781359637538
26.000000000000 1.798144621231
27.000000000000 1.814234586861
28.000000000000 1.830117515305
29.000000000000 1.845372508889
30.000000000000 1.860443663977
31.000000000000 1.874942214992
32.000000000000 1.889274359679
33.000000000000 1.903080135690
34.000000000000 1.916732588597
35.000000000000 1.929897813926
36.000000000000 1.942919550315
37.000000000000 1.955487627895
38.000000000000 1.967919653584
39.000000000000 1.979927182211
40.000000000000 1.991804355278
41.000000000000 2.003282682463
42.000000000000 2.014635111569
43.000000000000 2.025611527431
44.000000000000 2.036465643857
45.000000000000 2.046964296776
46.000000000000 2.057343674433
47.000000000000 2.067386270952
48.000000000000 2.077312251675
49.000000000000 2.086918589275
50.000000000000 2.096410757825
51.000000000000 2.105599128568
52.000000000000 2.114675671896
53.000000000000 2.123463166602
54.000000000000 2.132141144251
55.000000000000 2.140543880359
56.000000000000 2.148839426893
57.000000000000 2.156872718050
58.000000000000 2.164801193734
59.000000000000 2.172479675143
60.000000000000 2.180055777426
61.000000000000 2.187393497789
62.000000000000 2.194631343300
63.000000000000 2.201641831766
64.000000000000 2.208555016277
65.000000000000 2.215251330821
66.000000000000 2.221852972909
67.000000000000 2.228247735081
68.000000000000 2.234550507856
69.000000000000 2.240655927657
70.000000000000 2.246672081868
71.000000000000 2.252499975586
72.000000000000 2.258241356615
73.000000000000 2.263803159764
74.000000000000 2.269281220376
75.000000000000 2.274587997317
76.000000000000 2.279813807560
77.000000000000 2.284876258983
78.000000000000 2.289860514255
79.000000000000 2.294688983370
80.000000000000 2.299442011402
81.000000000000 2.304046489438
82.000000000000 2.308578256706
83.000000000000 2.312968388164
84.000000000000 2.317288506094
85.000000000000 2.321473594014
86.000000000000 2.325591325236
87.000000000000 2.329580336685
88.000000000000 2.333504601473
89.000000000000 2.337306173345
90.000000000000 2.341045556339
91.000000000000 2.344668001537
92.000000000000 2.348230758788
93.000000000000 2.351682072792
94.000000000000 2.355076139132
95.000000000000 2.358364006943
96.000000000000 2.361597003676
97.000000000000 2.364728807118
98.000000000000 2.367808049981
99.000000000000 2.370790875303
100.000000000000 2.373723382684
101.000000000000 2.376564028430
102.000000000000 2.379356529776
103.000000000000 2.382061514862
104.000000000000 2.384720459238
105.000000000000 2.387296031199
106.000000000000 2.389827595957
107.000000000000 2.392279739298
108.000000000000 2.394689838805
109.000000000000 2.397024283427
110.000000000000 2.399318577809
111.000000000000 2.401540807454
112.000000000000 2.403724711324
113.000000000000 2.405839972012
114.000000000000 2.407918663143
115.000000000000 2.409931971553
116.000000000000 2.411910399464
117.000000000000 2.413826551240
118.000000000000 2.415709445670
119.000000000000 2.417533023617
120.000000000000 2.419324902861
121.000000000000 2.421060285012
122.000000000000 2.422765464103
123.000000000000 2.424416831634
124.000000000000 2.426039430350
125.000000000000 2.427610775326
126.000000000000 2.429154726007
127.000000000000 2.430649858951
128.000000000000 2.432118914121
129.000000000000 2.433541471388
130.000000000000 2.434939211166
131.000000000000 2.436292662114
132.000000000000 2.437622501409
133.000000000000 2.438910155367
134.000000000000 2.440175350856
135.000000000000 2.441400363877
136.000000000000 2.442604020762
137.000000000000 2.443769402160
138.000000000000 2.444914480694
139.000000000000 2.446023099367
140.000000000000 2.447112421163
141.000000000000 2.448167011694
142.000000000000 2.449203265809
143.000000000000 2.450206434359
144.000000000000 2.451192183150
145.000000000000 2.452146413130
146.000000000000 2.453084097903
147.000000000000 2.453991755435
148.000000000000 2.454883701867
149.000000000000 2.455747041041
150.000000000000 2.456595464401
151.000000000000 2.457416632325
152.000000000000 2.458223642477
153.000000000000 2.459004684127
154.000000000000 2.459772290344
155.000000000000 2.460515153217
156.000000000000 2.461245268788
157.000000000000 2.461951807370
158.000000000000 2.462646254021
159.000000000000 2.463318234067
160.000000000000 2.463978746195
161.000000000000 2.464617848826
162.000000000000 2.465246077555
163.000000000000 2.465853903190
164.000000000000 2.466451420251
165.000000000000 2.467029492360
166.000000000000 2.467597793803
167.000000000000 2.468147562510
168.000000000000 2.468688072255
169.000000000000 2.469210917768
170.000000000000 2.469724990999
171.000000000000 2.470221957233
172.000000000000 2.470710145323
173.000000000000 2.471182370496
174.000000000000 2.471646302837
175.000000000000 2.472095116494
176.000000000000 2.472536073721
177.000000000000 2.472962671446
178.000000000000 2.473381823023
179.000000000000 2.473787321590
180.000000000000 2.474185762316
181.000000000000 2.474571214657
182.000000000000 2.474949977413
183.000000000000 2.475316379958
184.000000000000 2.475676442432
185.000000000000 2.476024739857
186.000000000000 2.476367029043
187.000000000000 2.476698117860
188.000000000000 2.477023513515
189.000000000000 2.477338245040
190.000000000000 2.477647582572
191.000000000000 2.477946765510
192.000000000000 2.478240838507
193.000000000000 2.478525241279
194.000000000000 2.478804803783
195.000000000000 2.479075156646
196.000000000000 2.479340925239
197.000000000000 2.479597922261
198.000000000000 2.479850578000
199.000000000000 2.480094878894
200.000000000000 2.480335069118
201.000000000000 2.480567300978
202.000000000000 2.480795641011
203.000000000000 2.481016399936
204.000000000000 2.481233474685
205.000000000000 2.481443327328
206.000000000000 2.481649692803
207.000000000000 2.481849177827
208.000000000000 2.482045362574
209.000000000000 2.482234992041
210.000000000000 2.482421498505
211.000000000000 2.482601759193
212.000000000000 2.482779065010
213.000000000000 2.482950419658
214.000000000000 2.483118978881
215.000000000000 2.483281867380
216.000000000000 2.483442111648
217.000000000000 2.483596952168
218.000000000000 2.483749291810
219.000000000000 2.483896481873
220.000000000000 2.484041306960
221.000000000000 2.484181224459
222.000000000000 2.484318905810
223.000000000000 2.484451909975
224.000000000000 2.484582800102
225.000000000000 2.484709232428
226.000000000000 2.484833666443
227.000000000000 2.484953851558
228.000000000000 2.485072148030
229.000000000000 2.485186394532
230.000000000000 2.485298856307
231.000000000000 2.485407457555
232.000000000000 2.485514372528
233.000000000000 2.485617607392
234.000000000000 2.485719249251
235.000000000000 2.485817382829
236.000000000000 2.485914011749
237.000000000000 2.486007296047
238.000000000000 2.486099159365
239.000000000000 2.486187833942
240.000000000000 2.486275166785
241.000000000000 2.486359459370
242.000000000000 2.486442485260
243.000000000000 2.486522612334
244.000000000000 2.486601543761
245.000000000000 2.486677711113
246.000000000000 2.486752750079
247.000000000000 2.486825153333
248.000000000000 2.486896491872
249.000000000000 2.486965316990
250.000000000000 2.487033137658
251.000000000000 2.487098561417
252.000000000000 2.487163037760
253.000000000000 2.487225228206
254.000000000000 2.487286525205
255.000000000000 2.487345642084
256.000000000000 2.487403916577
257.000000000000 2.487460111743
258.000000000000 2.487515512831
259.000000000000 2.487568930638
260.000000000000 2.487621600061
261.000000000000 2.487672377732
262.000000000000 2.487722450238
263.000000000000 2.487770718219
264.000000000000 2.487818321905
265.000000000000 2.487864204198
266.000000000000 2.487909460840
267.000000000000 2.487953075320
268.000000000000 2.487996100686
269.000000000000 2.488037559408
270.000000000000 2.488078463552
271.000000000000 2.488117873033
272.000000000000 2.488156760580
273.000000000000 2.488194222077
274.000000000000 2.488231192490
275.000000000000 2.488266802256
276.000000000000 2.488301950089
277.000000000000 2.488335799625
278.000000000000 2.488369214766
279.000000000000 2.488401391052
280.000000000000 2.488433158956
281.000000000000 2.488463744673
282.000000000000 2.488493946578
283.000000000000 2.488523020324
284.000000000000 2.488551733460
285.000000000000 2.488579369951
286.000000000000 2.488606667737
287.000000000000 2.488632937996
288.000000000000 2.488658890231
289.000000000000 2.488683861774
290.000000000000 2.488708534810
291.000000000000 2.488732271816
292.000000000000 2.488755728736
293.000000000000 2.488778292214
294.000000000000 2.488800592985
295.000000000000 2.488822040930
296.000000000000 2.488843242563
297.000000000000 2.488863630105
298.000000000000 2.488883786798
299.000000000000 2.488903166343
300.000000000000 2.488922329620
301.000000000000 2.488940750984
302.000000000000 2.488958969828
303.000000000000 2.488976480367
304.000000000000 2.488993801346
305.000000000000 2.489010446075
306.000000000000 2.489026913458
307.000000000000 2.489042735169
308.000000000000 2.489058391041
309.000000000000 2.489073430413
310.000000000000 2.489088314785
311.000000000000 2.489102610483
312.000000000000 2.489116761392
313.000000000000 2.489130350175
314.000000000000 2.489143803782
315.000000000000 2.489156720589
316.000000000000 2.489169511271
317.000000000000 2.489181789318
318.000000000000 2.489193949756
319.000000000000 2.489205620615
320.000000000000 2.489217181879
321.000000000000 2.489228275565
322.000000000000 2.489239267193
323.000000000000 2.489249812234
324.000000000000 2.489260262306
325.000000000000 2.489270285824
326.000000000000 2.489280221037
327.000000000000 2.489289748811
328.000000000000 2.489299194544
329.000000000000 2.489308251081
330.000000000000 2.489317231461
331.000000000000 2.489325840056
332.000000000000 2.489334378022
333.000000000000 2.489342560820
334.000000000000 2.489350678178
335.000000000000 2.489358456228
336.000000000000 2.489366173710
337.000000000000 2.489373567022
338.000000000000 2.489380904338
339.000000000000 2.489387931932
340.000000000000 2.489394907818
341.000000000000 2.489401587776
342.000000000000 2.489408220046
343.000000000000 2.489414569555
344.000000000000 2.489420875144
345.000000000000 2.489426910541
346.000000000000 2.489432905550
347.000000000000 2.489438642366
348.000000000000 2.489444342100
349.000000000000 2.489449795098
350.000000000000 2.489455214109
