0.000000000000 0.000051315195
0.099924017040 -0.078156284541
0.160640224326 -0.085200670315
0.211823396659 -0.095110120766
0.258492826398 -0.103194874436
0.302167964242 -0.109001270847
0.343686875241 -0.113435525041
0.383915303081 -0.116695068835
0.423070728111 -0.118933650365
0.461766768110 -0.120238893764
0.500045539549 -0.120664223091
0.538457887694 -0.120223705163
0.577017198867 -0.118901149734
0.616293370482 -0.116652037042
0.656391646084 -0.113376677825
0.698009056858 -0.108937898578
0.741570071221 -0.103121429795
0.788306183283 -0.095039118179
0.839400298239 -0.085129723652
0.900137982302 -0.078089879687
1.000000000000 0.000050886459
