1.000000000000 0.068227357946
2.000000000000 0.052752569431
3.000000000000 0.045144119115
4.000000000000 0.040438820394
5.000000000000 0.036622975506
6.000000000000 0.034058420799
7.000000000000 0.031643362227
8.000000000000 0.029963115015
9.000000000000 0.028252343601
10.000000000000 0.027042891408
11.000000000000 0.025746546284
12.000000000000 0.024823788323
13.000000000000 0.023796133973
14.000000000000 0.023063421814
15.000000000000 0.022221910757
16.000000000000 0.021622838908
17.000000000000 0.020916677010
18.000000000000 0.020415777041
19.000000000000 0.019811736092
20.000000000000 0.019385427195
21.000000000000 0.018860718832
22.000000000000 0.018492628214
23.000000000000 0.018031023682
24.000000000000 0.017709379041
25.000000000000 0.017298958878
26.000000000000 0.017015048834
27.000000000000 0.016646831384
28.000000000000 0.016394053507
29.000000000000 0.016061123583
30.000000000000 0.015834371755
31.000000000000 0.015531306787
32.000000000000 0.015326563302
33.000000000000 0.015049043793
34.000000000000 0.014863099914
35.000000000000 0.014607638036
36.000000000000 0.014437897748
37.000000000000 0.014201643845
38.000000000000 0.014045982966
39.000000000000 0.013826584683
40.000000000000 0.013683247699
41.000000000000 0.013478745506
42.000000000000 0.013346268680
43.000000000000 0.013155017044
44.000000000000 0.013032170189
45.000000000000 0.012852777195
46.000000000000 0.012738518940
47.000000000000 0.012569799402
48.000000000000 0.012463242386
49.000000000000 0.012304180986
50.000000000000 0.012204564465
51.000000000000 0.012054286455
52.000000000000 0.011960954523
53.000000000000 0.011818702219
54.000000000000 0.011731086326
55.000000000000 0.011596200084
56.000000000000 0.011513804894
57.000000000000 0.011385707597
58.000000000000 0.011308099461
59.000000000000 0.011186283780
60.000000000000 0.011113081276
61.000000000000 0.010997099153
62.000000000000 0.010927965276
63.000000000000 0.010817419186
64.000000000000 0.010752054863
65.000000000000 0.010646590528
66.000000000000 0.010584729205
67.000000000000 0.010484029483
68.000000000000 0.010425432594
69.000000000000 0.010329212339
70.000000000000 0.010273665479
71.000000000000 0.010181667201
72.000000000000 0.010128976906
73.000000000000 0.010040967090
74.000000000000 0.009990958091
75.000000000000 0.009906724073
76.000000000000 0.009859236973
77.000000000000 0.009778584275
78.000000000000 0.009733473555
79.000000000000 0.009656223610
80.000000000000 0.009613355928
81.000000000000 0.009539344129
82.000000000000 0.009498596862
83.000000000000 0.009427670891
84.000000000000 0.009388930878
85.000000000000 0.009320949266
86.000000000000 0.009284111727
87.000000000000 0.009218942618
88.000000000000 0.009183910220
89.000000000000 0.009121430303
90.000000000000 0.009088112350
91.000000000000 0.009028205936
92.000000000000 0.008996517676
93.000000000000 0.008939075899
94.000000000000 0.008908937911
95.000000000000 0.008853858041
96.000000000000 0.008825195712
97.000000000000 0.008772380553
98.000000000000 0.008745123619
99.000000000000 0.008694480989
100.000000000000 0.008668563137
101.000000000000 0.008620005419
102.000000000000 0.008595363935
103.000000000000 0.008548807681
104.000000000000 0.008525383152
105.000000000000 0.008480748743
106.000000000000 0.008458484783
107.000000000000 0.008415696130
108.000000000000 0.008394539151
109.000000000000 0.008353523432
110.000000000000 0.008333422437
111.000000000000 0.008294109871
112.000000000000 0.008275016272
113.000000000000 0.008237339917
114.000000000000 0.008219207374
115.000000000000 0.008183102950
116.000000000000 0.008165887232
117.000000000000 0.008131292964
118.000000000000 0.008114951818
119.000000000000 0.008081808302
120.000000000000 0.008066301341
121.000000000000 0.008034551416
122.000000000000 0.008019840021
123.000000000000 0.007989428662
124.000000000000 0.007975475883
125.000000000000 0.007946350102
126.000000000000 0.007933120581
127.000000000000 0.007905229337
128.000000000000 0.007892689231
129.000000000000 0.007865983351
130.000000000000 0.007854100260
131.000000000000 0.007828532364
132.000000000000 0.007817275267
133.000000000000 0.007792799699
134.000000000000 0.007782138901
135.000000000000 0.007758711667
136.000000000000 0.007748618737
137.000000000000 0.007726197448
138.000000000000 0.007716645169
139.000000000000 0.007695188983
140.000000000000 0.007686151305
141.000000000000 0.007665620878
142.000000000000 0.007657072872
143.000000000000 0.007637430309
144.000000000000 0.007629348121
145.000000000000 0.007610556927
146.000000000000 0.007602917741
147.000000000000 0.007584942779
148.000000000000 0.007577724773
149.000000000000 0.007560532217
150.000000000000 0.007553714529
151.000000000000 0.007537271828
152.000000000000 0.007530834515
153.000000000000 0.007515110349
154.000000000000 0.007509034356
155.000000000000 0.007493998598
156.000000000000 0.007488265723
157.000000000000 0.007473889401
158.000000000000 0.007468482261
159.000000000000 0.007454737520
160.000000000000 0.007449639522
161.000000000000 0.007436499591
162.000000000000 0.007431694898
163.000000000000 0.007419134051
164.000000000000 0.007414607555
165.000000000000 0.007402601080
166.000000000000 0.007398338373
167.000000000000 0.007386862536
168.000000000000 0.007382849879
169.000000000000 0.007371881894
170.000000000000 0.007368106195
171.000000000000 0.007357593667
172.000000000000 0.007353971531
173.000000000000 0.007343914042
174.000000000000 0.007340486602
175.000000000000 0.007330869845
176.000000000000 0.007327634679
177.000000000000 0.007318440763
178.000000000000 0.007315390571
179.000000000000 0.007306601637
180.000000000000 0.007303727988
181.000000000000 0.007295326674
182.000000000000 0.007292620935
183.000000000000 0.007284590494
184.000000000000 0.007282044154
185.000000000000 0.007274368485
186.000000000000 0.007271973282
187.000000000000 0.007264636926
188.000000000000 0.007262384905
189.000000000000 0.007255373040
190.000000000000 0.007253256578
191.000000000000 0.007246554994
192.000000000000 0.007244566807
193.000000000000 0.007238161892
194.000000000000 0.007236295035
195.000000000000 0.007230173753
196.000000000000 0.007228421611
197.000000000000 0.007222571478
198.000000000000 0.007220927760
199.000000000000 0.007215336829
200.000000000000 0.007213795555
201.000000000000 0.007208452386
202.000000000000 0.007207007876
203.000000000000 0.007201901525
204.000000000000 0.007200548386
205.000000000000 0.007195668380
206.000000000000 0.007194401493
207.000000000000 0.007189737811
208.000000000000 0.007188552320
209.000000000000 0.007184095376
210.000000000000 0.007182986676
211.000000000000 0.007178727302
212.000000000000 0.007177691027
213.000000000000 0.007173620451
214.000000000000 0.007172652462
215.000000000000 0.007168762299
216.000000000000 0.007167858673
217.000000000000 0.007164140903
218.000000000000 0.007163297925
219.000000000000 0.007159744881
220.000000000000 0.007158959031
221.000000000000 0.007155563381
222.000000000000 0.007154831327
223.000000000000 0.007151586063
224.000000000000 0.007150904651
225.000000000000 0.007147803074
226.000000000000 0.007147169317
227.000000000000 0.007144205025
228.000000000000 0.007143616097
229.000000000000 0.007140782971
230.000000000000 0.007140236200
231.000000000000 0.007137528391
232.000000000000 0.007137021249
233.000000000000 0.007134433168
234.000000000000 0.007133963265
235.000000000000 0.007131489573
236.000000000000 0.007131054649
237.000000000000 0.007128690242
238.000000000000 0.007128288164
239.000000000000 0.007126028167
240.000000000000 0.007125656916
241.000000000000 0.007123496671
242.000000000000 0.007123154342
243.000000000000 0.007121089399
244.000000000000 0.007120774192
245.000000000000 0.007118800300
246.000000000000 0.007118510516
247.000000000000 0.007116623613
248.000000000000 0.007116357650
249.000000000000 0.007114553857
250.000000000000 0.007114310200
251.000000000000 0.007112585810
252.000000000000 0.007112363033
253.000000000000 0.007110714507
254.000000000000 0.007110511263
255.000000000000 0.007108935220
256.000000000000 0.007108750239
257.000000000000 0.007107243448
258.000000000000 0.007107075534
259.000000000000 0.007105634912
260.000000000000 0.007105482938
261.000000000000 0.007104105537
262.000000000000 0.007103968440
263.000000000000 0.007102651445
264.000000000000 0.007102528225
265.000000000000 0.007101268950
266.000000000000 0.007101158665
267.000000000000 0.007099954541
268.000000000000 0.007099856305
269.000000000000 0.007098704881
270.000000000000 0.007098617858
271.000000000000 0.007097516791
272.000000000000 0.007097440198
273.000000000000 0.007096387252
274.000000000000 0.007096320350
275.000000000000 0.007095313388
276.000000000000 0.007095255484
277.000000000000 0.007094292465
278.000000000000 0.007094242908
279.000000000000 0.007093321883
280.000000000000 0.007093280059
281.000000000000 0.007092399167
282.000000000000 0.007092364502
283.000000000000 0.007091521965
284.000000000000 0.007091493919
285.000000000000 0.007090688038
286.000000000000 0.007090666104
287.000000000000 0.007089895258
288.000000000000 0.007089878961
289.000000000000 0.007089141601
290.000000000000 0.007089130496
291.000000000000 0.007088425141
292.000000000000 0.007088418810
293.000000000000 0.007087744047
294.000000000000 0.007087742099
295.000000000000 0.007087096577
296.000000000000 0.007087098647
297.000000000000 0.007086481077
298.000000000000 0.007086486821
299.000000000000 0.007085895971
300.000000000000 0.007085905069
301.000000000000 0.007085339761
302.000000000000 0.007085351914
303.000000000000 0.007084811025
304.000000000000 0.007084825952
305.000000000000 0.007084308407
306.000000000000 0.007084325847
307.000000000000 0.007083830620
308.000000000000 0.007083850329
309.000000000000 0.007083376440
310.000000000000 0.007083398190
311.000000000000 0.007082944703
312.000000000000 0.007082968283
313.000000000000 0.007082534302
314.000000000000 0.007082559513
315.000000000000 0.007082144184
316.000000000000 0.007082170843
317.000000000000 0.007081773350
318.000000000000 0.007081801284
319.000000000000 0.007081420846
320.000000000000 0.007081449898
321.000000000000 0.007081085769
322.000000000000 0.007081115791
323.000000000000 0.007080767258
324.000000000000 0.007080798113
325.000000000000 0.007080464497
326.000000000000 0.007080496058
327.000000000000 0.007080176706
328.000000000000 0.007080208856
329.000000000000 0.007079903148
330.000000000000 0.007079935778
331.000000000000 0.007079643119
332.000000000000 0.007079676128
333.000000000000 0.007079395951
334.000000000000 0.007079429247
335.000000000000 0.007079161009
336.000000000000 0.007079194507
337.000000000000 0.007078937689
338.000000000000 0.007078971311
339.000000000000 0.007078725417
340.000000000000 0.007078759090
341.000000000000 0.007078523648
342.000000000000 0.007078557306
343.000000000000 0.007078331861
344.000000000000 0.007078365444
345.000000000000 0.007078149564
346.000000000000 0.007078183017
347.000000000000 0.007077976289
348.000000000000 0.007078009560
349.000000000000 0.007077811588
350.000000000000 0.007077844633
