0.165068472688 0.004420349898
0.262401951411 0.000386225291
0.350002082261 0.000054991735
0.428842200026 -0.000025586135
0.499798306015 -0.000039917134
0.563658801405 -0.000034744844
0.621133247256 -0.000024768853
0.672860248522 -0.000015154051
0.719414549662 -0.000007556919
0.761313420687 -0.000002210393
0.799022404610 0.000001199655
0.832960490140 0.000003137804
0.863504767118 0.000004047195
0.890994616398 0.000004287790
0.915735480749 0.000004126449
0.938002258666 0.000003748433
0.958042358791 0.000003275279
0.976078448903 0.000033782218
