0.165068472688 -0.010357270459
0.262401951411 -0.001659452359
0.350002082261 -0.001540158983
0.428842200026 -0.001212639259
0.499798306015 -0.000850678229
0.563658801405 -0.000536505180
0.621133247256 -0.000296712356
0.672860248522 -0.000129595264
0.719414549662 -0.000022098571
0.761313420687 0.000041178170
0.799022404610 0.000073958385
0.832960490140 0.000086991766
0.863504767118 0.000088054690
0.890994616398 0.000082451333
0.915735480749 0.000073620438
0.938002258666 0.000063679541
0.958042358791 0.000053854269
0.976078448903 0.000501139027
