0.075000000000 0.000984615363
0.125000000000 0.000935514316
0.175000000000 0.000863377802
0.225000000000 0.000769982061
0.275000000000 0.000657626807
0.325000000000 0.000529078597
0.375000000000 0.000387502717
0.425000000000 0.000236385234
0.475000000000 0.000079447162
0.525000000000 -0.000079447162
0.575000000000 -0.000236385234
0.625000000000 -0.000387502717
0.675000000000 -0.000529078597
0.725000000000 -0.000657626807
0.775000000000 -0.000769982061
0.825000000000 -0.000863377802
0.875000000000 -0.000935514316
0.925000000000 -0.000984615363
