0.025000000000 -0.000051515290
0.075000000000 -0.024752495133
0.125000000000 -0.073445741089
0.175000000000 -0.144934800796
0.225000000000 -0.237461913300
0.275000000000 -0.348751290966
0.325000000000 -0.476065156922
0.375000000000 -0.616271158212
0.425000000000 -0.765919494723
0.475000000000 -0.921327864711
0.525000000000 -1.078672135289
0.575000000000 -1.234080505277
0.625000000000 -1.383728841788
0.675000000000 -1.523934843078
0.725000000000 -1.651248709034
0.775000000000 -1.762538086700
0.825000000000 -1.855065199204
0.875000000000 -1.926554258911
0.925000000000 -1.975247504867
0.975000000000 -1.999948484710
