0.075000000000 0.000985831273
0.125000000000 0.000936669591
0.175000000000 0.000864443995
0.225000000000 0.000770932919
0.275000000000 0.000658438916
0.325000000000 0.000529731962
0.375000000000 0.000387981248
0.425000000000 0.000236677149
0.475000000000 0.000079545272
0.525000000000 -0.000079545272
0.575000000000 -0.000236677149
0.625000000000 -0.000387981248
0.675000000000 -0.000529731962
0.725000000000 -0.000658438916
0.775000000000 -0.000770932919
0.825000000000 -0.000864443995
0.875000000000 -0.000936669591
0.925000000000 -0.000985831273
