0.025000000000 -0.040678431128
0.075000000000 0.000001215911
0.125000000000 0.000001155276
0.175000000000 0.000001066193
0.225000000000 0.000000950858
0.275000000000 0.000000812110
0.325000000000 0.000000653364
0.375000000000 0.000000478531
0.425000000000 0.000000291914
0.475000000000 0.000000098110
0.525000000000 -0.000000098110
0.575000000000 -0.000000291914
0.625000000000 -0.000000478531
0.675000000000 -0.000000653364
0.725000000000 -0.000000812110
0.775000000000 -0.000000950858
0.825000000000 -0.000001066193
0.875000000000 -0.000001155276
0.925000000000 -0.000001215911
0.975000000000 0.049011764461
