0.025000000000 0.003031150976
0.075000000000 0.002877584470
0.125000000000 0.002674726399
0.175000000000 0.002425034849
0.225000000000 0.002132121100
0.275000000000 0.001800660704
0.325000000000 0.001436278363
0.375000000000 0.001045409423
0.425000000000 0.000635141421
0.475000000000 0.000213039562
0.525000000000 -0.000213039562
0.575000000000 -0.000635141421
0.625000000000 -0.001045409423
0.675000000000 -0.001436278363
0.725000000000 -0.001800660704
0.775000000000 -0.002132121100
0.825000000000 -0.002425034849
0.875000000000 -0.002674726399
0.925000000000 -0.002877584470
0.975000000000 -0.003031150976
