0.056920 0.056920 4.2375505501304755e-04
0.056920 0.165068 1.0239305247096431e-03
0.056920 0.262402 1.3439981933915934e-03
0.056920 0.350002 1.4614438253990614e-03
0.056920 0.428842 1.4467621544393960e-03
0.056920 0.499798 1.3544236893643091e-03
0.056920 0.563659 1.2224644452615840e-03
0.056920 0.621133 1.0754610755552008e-03
0.056920 0.672860 9.2818075723113957e-04
0.056920 0.719415 7.8876904488989208e-04
0.056920 0.761313 6.6116009923272712e-04
0.056920 0.799022 5.4675155248884444e-04
0.056920 0.832960 4.4550224358563817e-04
0.056920 0.863505 3.5661906475546734e-04
0.056920 0.890995 2.7896892013830332e-04
0.056920 0.915735 2.1131490799602970e-04
0.056920 0.938002 1.5244415912300108e-04
0.056920 0.958042 1.0123110877332392e-04
0.056920 0.976078 5.6663631312564924e-05
0.056920 0.992311 1.7848721943929113e-05

0.165068 0.056920 1.0239305247097125e-03
0.165068 0.165068 2.4470975762217462e-03
0.165068 0.262402 3.1744704719582351e-03
0.165068 0.350002 3.4099243630364984e-03
0.165068 0.428842 3.3336720175980994e-03
0.165068 0.499798 3.0817944599048630e-03
0.165068 0.563659 2.7470114569566606e-03
0.165068 0.621133 2.3874447202893445e-03
0.165068 0.672860 2.0365838373797573e-03
0.165068 0.719415 1.7117105471912697e-03
0.165068 0.761313 1.4201154789561521e-03
0.165068 0.799022 1.1633184105804273e-03
0.165068 0.832960 9.3976320984212602e-04
0.165068 0.863505 7.4645119593805265e-04
0.165068 0.890995 5.7988051368165761e-04
0.165068 0.915735 4.3655325578095816e-04
0.165068 0.938002 3.1322461950712699e-04
0.165068 0.958042 2.0700468645570846e-04
0.165068 0.976078 1.1538030324417109e-04
0.165068 0.992311 3.6196787637811367e-05

0.262402 0.056920 1.3439981933915657e-03
0.262402 0.165068 3.1744704719582351e-03
0.262402 0.262402 4.0639923932331845e-03
0.262402 0.350002 4.3038490717715039e-03
0.262402 0.428842 4.1450710543468050e-03
0.262402 0.499798 3.7729380290938419e-03
0.262402 0.563659 3.3104530411615096e-03
0.262402 0.621133 2.8321342159526308e-03
0.262402 0.672860 2.3787812193121205e-03
0.262402 0.719415 1.9695985044151376e-03
0.262402 0.761313 1.6109379981475991e-03
0.262402 0.799022 1.3020970305164803e-03
0.262402 0.832960 1.0389204640731675e-03
0.262402 0.863505 8.1590724108715484e-04
0.262402 0.890995 6.2736149668068952e-04
0.262402 0.915735 4.6796480546071328e-04
0.262402 0.938002 3.3301524272288940e-04
0.262402 0.958042 2.1848564888708732e-04
0.262402 0.976078 1.2099153338855639e-04
0.262402 0.992311 3.7719944564505031e-05

0.350002 0.056920 1.4614438253989503e-03
0.350002 0.165068 3.4099243630364984e-03
0.350002 0.262402 4.3038490717712818e-03
0.350002 0.350002 4.4866333201863950e-03
0.350002 0.428842 4.2477054948772963e-03
0.350002 0.499798 3.7961452459139844e-03
0.350002 0.563659 3.2672141216265604e-03
0.350002 0.621133 2.7399483216347109e-03
0.350002 0.672860 2.2551347104478037e-03
0.350002 0.719415 1.8297092563059891e-03
0.350002 0.761313 1.4669291746634006e-03
0.350002 0.799022 1.1629729217280671e-03
0.350002 0.832960 9.1093116919660488e-04
0.350002 0.863505 7.0305464863473777e-04
0.350002 0.890995 5.3191211714759268e-04
0.350002 0.915735 3.9090570987979079e-04
0.350002 0.938002 2.7443021996229056e-04
0.350002 0.958042 1.7785031768528803e-04
0.350002 0.976078 9.7396199933333372e-05
0.350002 0.992311 3.0032549092916250e-05

0.428842 0.056920 1.4467621544392018e-03
0.428842 0.165068 3.3336720175974333e-03
0.428842 0.262402 4.1450710543459168e-03
0.428842 0.350002 4.2477054948769633e-03
0.428842 0.428842 3.9446534944160838e-03
0.428842 0.499798 3.4505544871253901e-03
0.428842 0.563659 2.9008330614583855e-03
0.428842 0.621133 2.3717259910550625e-03
0.428842 0.672860 1.9000101530717295e-03
0.428842 0.719415 1.4984809972102830e-03
0.428842 0.761313 1.1666928024207657e-03
0.428842 0.799022 8.9778970798659596e-04
0.428842 0.832960 6.8253082315405944e-04
0.428842 0.863505 5.1147194014583564e-04
0.428842 0.890995 3.7601700991690690e-04
0.428842 0.915735 2.6882028236374644e-04
0.428842 0.938002 1.8384233796539529e-04
0.428842 0.958042 1.1624064856569083e-04
0.428842 0.976078 6.2196304436365479e-05
0.428842 0.992311 1.8730272964156275e-05

0.499798 0.056920 1.3544236893641981e-03
0.499798 0.165068 3.0817944599041969e-03
0.499798 0.262402 3.7729380290929537e-03
0.499798 0.350002 3.7961452459134293e-03
0.499798 0.428842 3.4505544871249461e-03
0.499798 0.499798 2.9442232076820618e-03
0.499798 0.563659 2.4053384599828087e-03
0.499798 0.621133 1.9033974890221295e-03
0.499798 0.672860 1.4694749818802144e-03
0.499798 0.719415 1.1118528352275225e-03
0.499798 0.761313 8.2669809688840079e-04
0.499798 0.799022 6.0473412539230331e-04
0.499798 0.832960 4.3507735647740908e-04
0.499798 0.863505 3.0723881670235986e-04
0.499798 0.890995 2.1201989253327724e-04
0.499798 0.915735 1.4178804488146346e-04
0.499798 0.938002 9.0434539646994105e-05
0.499798 0.958042 5.3191079615683146e-05
0.499798 0.976078 2.6402474991402136e-05
0.499798 0.992311 7.3043974080193308e-06

0.563659 0.056920 1.2224644452614730e-03
0.563659 0.165068 2.7470114569561610e-03
0.563659 0.262402 3.3104530411605104e-03
0.563659 0.350002 3.2672141216257833e-03
0.563659 0.428842 2.9008330614573863e-03
0.563659 0.499798 2.4053384599824756e-03
0.563659 0.563659 1.8976489977842181e-03
0.563659 0.621133 1.4388322817566745e-03
0.563659 0.672860 1.0539785604346541e-03
0.563659 0.719415 7.4730827087887697e-04
0.563659 0.761313 5.1235653783354707e-04
0.563659 0.799022 3.3823636650620603e-04
0.563659 0.832960 2.1316134655452457e-04
0.563659 0.863505 1.2621581616900635e-04
0.563659 0.890995 6.8085259470829218e-05
0.563659 0.915735 3.1216459441152367e-05
0.563659 0.938002 9.6960129789269711e-06
0.563659 0.958042 -9.8632637077211704e-07
0.563659 0.976078 -4.2000740093223188e-06
0.563659 0.992311 -2.4187566871024246e-06

0.621133 0.056920 1.0754610755551175e-03
0.621133 0.165068 2.3874447202890114e-03
0.621133 0.262402 2.8321342159517426e-03
0.621133 0.350002 2.7399483216336007e-03
0.621133 0.428842 2.3717259910536193e-03
0.621133 0.499798 1.9033974890212413e-03
0.621133 0.563659 1.4388322817566745e-03
0.621133 0.621133 1.0303473112336370e-03
0.621133 0.672860 6.9752055009975056e-04
0.621133 0.719415 4.4132230106308512e-04
0.621133 0.761313 2.5353394006355501e-04
0.621133 0.799022 1.2246074022592701e-04
0.621133 0.832960 3.6080744163669021e-05
0.621133 0.863505 -1.6428779076094191e-05
0.621133 0.890995 -4.4114597419597779e-05
0.621133 0.915735 -5.4181290070925980e-05
0.621133 0.938002 -5.2168239002198247e-05
0.621133 0.958042 -4.2217681507514260e-05
0.621133 0.976078 -2.7353727974868680e-05
0.621133 0.992311 -9.7348101803958198e-06

0.672860 0.056920 9.2818075723102855e-04
0.672860 0.165068 2.0365838373795353e-03
0.672860 0.262402 2.3787812193110103e-03
0.672860 0.350002 2.2551347104460273e-03
0.672860 0.428842 1.9000101530696201e-03
0.672860 0.499798 1.4694749818791042e-03
0.672860 0.563659 1.0539785604338769e-03
0.672860 0.621133 6.9752055009941749e-04
0.672860 0.672860 4.1496631047699406e-04
0.672860 0.719415 2.0492361771073941e-04
0.672860 0.761313 5.8242845340727989e-05
0.672860 0.799022 -3.6888742911300731e-05
0.672860 0.832960 -9.2189375245965710e-05
0.672860 0.863505 -1.1799059200090500e-04
0.672860 0.890995 -1.2279298824752205e-04
0.672860 0.915735 -1.1326966071695255e-04
0.672860 0.938002 -9.4475841751179290e-05
0.672860 0.958042 -7.0128791598469964e-05
0.672860 0.976078 -4.2887662141319338e-05
0.672860 0.992311 -1.4601502693119273e-05

0.719415 0.056920 7.8876904488978106e-04
0.719415 0.165068 1.7117105471906591e-03
0.719415 0.262402 1.9695985044133613e-03
0.719415 0.350002 1.8297092563039907e-03
0.719415 0.428842 1.4984809972080626e-03
0.719415 0.499798 1.1118528352258572e-03
0.719415 0.563659 7.4730827087787777e-04
0.719415 0.621133 4.4132230106264103e-04
0.719415 0.672860 2.0492361771051737e-04
0.719415 0.719415 3.5171524336408133e-05
0.719415 0.761313 -7.7329457823904768e-05
0.719415 0.799022 -1.4397219754480606e-04
0.719415 0.832960 -1.7577242726479758e-04
0.719415 0.863505 -1.8229066263886207e-04
0.719415 0.890995 -1.7129681400568364e-04
0.719415 0.915735 -1.4882079296396622e-04
0.719415 0.938002 -1.1937538712994411e-04
0.719415 0.958042 -8.6232283234691232e-05
0.719415 0.976078 -5.1690605380488863e-05
0.719415 0.992311 -1.7311367397031957e-05

0.761313 0.056920 6.6116009923262997e-04
0.761313 0.165068 1.4201154789557080e-03
0.761313 0.262402 1.6109379981457117e-03
0.761313 0.350002 1.4669291746617352e-03
0.761313 0.428842 1.1666928024193224e-03
0.761313 0.499798 8.2669809688706852e-04
0.761313 0.563659 5.1235653783221480e-04
0.761313 0.621133 2.5353394006288887e-04
0.761313 0.672860 5.8242845340283900e-05
0.761313 0.719415 -7.7329457824015790e-05
0.761313 0.761313 -1.6230002463707427e-04
0.761313 0.799022 -2.0725632802215399e-04
0.761313 0.832960 -2.2224235926865399e-04
0.761313 0.863505 -2.1587040362752719e-04
0.761313 0.890995 -1.9507220066605768e-04
0.761313 0.915735 -1.6517784516012490e-04
0.761313 0.938002 -1.3013681190010562e-04
0.761313 0.958042 -9.2778510662194780e-05
0.761313 0.976078 -5.5060863923074577e-05
0.761313 0.992311 -1.8284955089844374e-05

0.799022 0.056920 5.4675155248874729e-04
0.799022 0.165068 1.1633184105799832e-03
0.799022 0.262402 1.3020970305151480e-03
0.799022 0.350002 1.1629729217266238e-03
0.799022 0.428842 8.9778970798626290e-04
0.799022 0.499798 6.0473412539152616e-04
0.799022 0.563659 3.3823636650553990e-04
0.799022 0.621133 1.2246074022514986e-04
0.799022 0.672860 -3.6888742911744821e-05
0.799022 0.719415 -1.4397219754475055e-04
0.799022 0.761313 -2.0725632802187643e-04
0.799022 0.799022 -2.3627145958576845e-04
0.799022 0.832960 -2.3992877839085214e-04
0.799022 0.863505 -2.2579741397443787e-04
0.799022 0.890995 -1.9992276730390612e-04
0.799022 0.915735 -1.6691896068468659e-04
0.799022 0.938002 -1.3017710884864753e-04
0.799022 0.958042 -9.2102534386948043e-05
0.799022 0.976078 -5.4337829170650331e-05
0.799022 0.992311 -1.7953868132938172e-05

0.832960 0.056920 4.4550224358555490e-04
0.832960 0.165068 9.3976320984168193e-04
0.832960 0.262402 1.0389204640722793e-03
0.832960 0.350002 9.1093116919588324e-04
0.832960 0.428842 6.8253082315411495e-04
0.832960 0.499798 4.3507735647718704e-04
0.832960 0.563659 2.1316134655380292e-04
0.832960 0.621133 3.6080744163058398e-05
0.832960 0.672860 -9.2189375246409799e-05
0.832960 0.719415 -1.7577242726452003e-04
0.832960 0.761313 -2.2224235926837643e-04
0.832960 0.799022 -2.3992877839068560e-04
0.832960 0.832960 -2.3653333070294824e-04
0.832960 0.863505 -2.1854915627975147e-04
0.832960 0.890995 -1.9113040633433886e-04
0.832960 0.915735 -1.5818734663516909e-04
0.832960 0.938002 -1.2257458167010127e-04
0.832960 0.958042 -8.6300138098599488e-05
0.832960 0.976078 -5.0719928004414050e-05
0.832960 0.992311 -1.6703202860270105e-05

0.863505 0.056920 3.5661906475535632e-04
0.863505 0.165068 7.4645119593755305e-04
0.863505 0.262402 8.1590724108665524e-04
0.863505 0.350002 7.0305464863434919e-04
0.863505 0.428842 5.1147194014639075e-04
0.863505 0.499798 3.0723881670219333e-04
0.863505 0.563659 1.2621581616861777e-04
0.863505 0.621133 -1.6428779076704814e-05
0.863505 0.672860 -1.1799059200107154e-04
0.863505 0.719415 -1.8229066263852900e-04
0.863505 0.761313 -2.1587040362708310e-04
0.863505 0.799022 -2.2579741397407704e-04
0.863505 0.832960 -2.1854915627944616e-04
0.863505 0.863505 -1.9955429256390822e-04
0.863505 0.890995 -1.7310066616829656e-04
0.863505 0.915735 -1.4242542536956060e-04
0.863505 0.938002 -1.0987879656972066e-04
0.863505 0.958042 -7.7102624689115440e-05
0.863505 0.976078 -4.5195025886103635e-05
0.863505 0.992311 -1.4849770646235133e-05

0.890995 0.056920 2.7896892013819230e-04
0.890995 0.165068 5.7988051368121352e-04
0.890995 0.262402 6.2736149668046748e-04
0.890995 0.350002 5.3191211714759268e-04
0.890995 0.428842 3.7601700991735099e-04
0.890995 0.499798 2.1201989253361031e-04
0.890995 0.563659 6.8085259470884729e-05
0.890995 0.621133 -4.4114597419986357e-05
0.890995 0.672860 -1.2279298824752205e-04
0.890995 0.719415 -1.7129681400540608e-04
0.890995 0.761313 -1.9507220066544706e-04
0.890995 0.799022 -1.9992276730346203e-04
0.890995 0.832960 -1.9113040633411682e-04
0.890995 0.863505 -1.7310066616824105e-04
0.890995 0.890995 -1.4929931079574188e-04
0.890995 0.915735 -1.2233242715570247e-04
0.890995 0.938002 -9.4083529786917475e-05
0.890995 0.958042 -6.5860891190303028e-05
0.890995 0.976078 -3.8532509129066139e-05
0.890995 0.992311 -1.2639901228612624e-05

0.915735 0.056920 2.1131490799596031e-04
0.915735 0.165068 4.3655325578062509e-04
0.915735 0.262402 4.6796480546057451e-04
0.915735 0.350002 3.9090570987973527e-04
0.915735 0.428842 2.6882028236413502e-04
0.915735 0.499798 1.4178804488179653e-04
0.915735 0.563659 3.1216459441207878e-05
0.915735 0.621133 -5.4181290071286803e-05
0.915735 0.672860 -1.1326966071675826e-04
0.915735 0.719415 -1.4882079296368866e-04
0.915735 0.761313 -1.6517784515965306e-04
0.915735 0.799022 -1.6691896068432577e-04
0.915735 0.832960 -1.5818734663489153e-04
0.915735 0.863505 -1.4242542536938019e-04
0.915735 0.890995 -1.2233242715564696e-04
0.915735 0.915735 -9.9931419454496462e-05
0.915735 0.938002 -7.6679102611186545e-05
0.915735 0.958042 -5.3582474907526434e-05
0.915735 0.976078 -3.1305142439375100e-05
0.915735 0.992311 -1.0256662893433008e-05

0.938002 0.056920 1.5244415912292475e-04
0.938002 0.165068 3.1322461950691882e-04
0.938002 0.262402 3.3301524272283389e-04
0.938002 0.350002 2.7443021996209627e-04
0.938002 0.428842 1.8384233796556182e-04
0.938002 0.499798 9.0434539647188394e-05
0.938002 0.563659 9.6960129789547267e-06
0.938002 0.621133 -5.2168239002364780e-05
0.938002 0.672860 -9.4475841750957246e-05
0.938002 0.719415 -1.1937538712966655e-04
0.938002 0.761313 -1.3013681189982806e-04
0.938002 0.799022 -1.3017710884842548e-04
0.938002 0.832960 -1.2257458166982371e-04
0.938002 0.863505 -1.0987879656952637e-04
0.938002 0.890995 -9.4083529786875841e-05
0.938002 0.915735 -7.6679102611207361e-05
0.938002 0.938002 -5.8735312324156852e-05
0.938002 0.958042 -4.0988769472782849e-05
0.938002 0.976078 -2.3922144637941387e-05
0.938002 0.992311 -7.8305950546777442e-06

0.958042 0.056920 1.0123110877327882e-04
0.958042 0.165068 2.0700468645561132e-04
0.958042 0.262402 2.1848564888708732e-04
0.958042 0.350002 1.7785031768524640e-04
0.958042 0.428842 1.1624064856574634e-04
0.958042 0.499798 5.3191079615905190e-05
0.958042 0.563659 -9.8632637068885032e-07
0.958042 0.621133 -4.2217681507528138e-05
0.958042 0.672860 -7.0128791598317308e-05
0.958042 0.719415 -8.6232283234483065e-05
0.958042 0.761313 -9.2778510662000491e-05
0.958042 0.799022 -9.2102534386781509e-05
0.958042 0.832960 -8.6300138098405199e-05
0.958042 0.863505 -7.7102624688941968e-05
0.958042 0.890995 -6.5860891190233639e-05
0.958042 0.915735 -5.3582474907540312e-05
0.958042 0.938002 -4.0988769472793257e-05
0.958042 0.958042 -2.8574850268452828e-05
0.958042 0.976078 -1.6663569762178504e-05
0.958042 0.992311 -5.4508055513120129e-06

0.976078 0.056920 5.6663631312538904e-05
0.976078 0.165068 1.1538030324415027e-04
0.976078 0.262402 1.2099153338857027e-04
0.976078 0.350002 9.7396199933291738e-05
0.976078 0.428842 6.2196304436448746e-05
0.976078 0.499798 2.6402474991610303e-05
0.976078 0.563659 -4.2000740092806854e-06
0.976078 0.621133 -2.7353727974868680e-05
0.976078 0.672860 -4.2887662141194438e-05
0.976078 0.719415 -5.1690605380433352e-05
0.976078 0.761313 -5.5060863922935799e-05
0.976078 0.799022 -5.4337829170580942e-05
0.976078 0.832960 -5.0719928004309967e-05
0.976078 0.863505 -4.5195025886006490e-05
0.976078 0.890995 -3.8532509129024506e-05
0.976078 0.915735 -3.1305142439382039e-05
0.976078 0.938002 -2.3922144637937917e-05
0.976078 0.958042 -1.6663569762175034e-05
0.976078 0.976078 -9.7113046501175540e-06
0.976078 0.992311 -3.1749485211534333e-06

0.992311 0.056920 1.7848721943924777e-05
0.992311 0.165068 3.6196787637816571e-05
0.992311 0.262402 3.7719944564525848e-05
0.992311 0.350002 3.0032549092926658e-05
0.992311 0.428842 1.8730272964197908e-05
0.992311 0.499798 7.3043974080991281e-06
0.992311 0.563659 -2.4187566870677302e-06
0.992311 0.621133 -9.7348101803784726e-06
0.992311 0.672860 -1.4601502693070700e-05
0.992311 0.719415 -1.7311367396990324e-05
0.992311 0.761313 -1.8284955089785393e-05
0.992311 0.799022 -1.7953868132900008e-05
0.992311 0.832960 -1.6703202860219798e-05
0.992311 0.863505 -1.4849770646190030e-05
0.992311 0.890995 -1.2639901228590072e-05
0.992311 0.915735 -1.0256662893417395e-05
0.992311 0.938002 -7.8305950546656011e-06
0.992311 0.958042 -5.4508055513037730e-06
0.992311 0.976078 -3.1749485211480123e-06
0.992311 0.992311 -1.0375357139717290e-06

