0.165068 0.165068 5.5616617171190975e-05
0.165068 0.262402 1.3963826916827706e-04
0.165068 0.350002 1.5711403839690997e-04
0.165068 0.428842 1.5358522383382607e-04
0.165068 0.499798 1.4014179137685162e-04
0.165068 0.563659 1.2306488345069236e-04
0.165068 0.621133 1.0561862611183396e-04
0.165068 0.672860 8.9324291815346627e-05
0.165068 0.719415 7.4763559579207477e-05
0.165068 0.761313 6.2046636712490656e-05
0.165068 0.799022 5.1068841128105338e-05
0.165068 0.832960 4.1643448119847552e-05
0.165068 0.863505 3.3566173920910073e-05
0.165068 0.890995 2.6643719209584983e-05
0.165068 0.915735 2.0704355961701640e-05
0.165068 0.938002 1.5600088869745831e-05
0.165068 0.958042 1.1205226338771342e-05
0.165068 0.976078 8.1519664430014022e-06

0.262402 0.165068 1.3963826916829581e-04
0.262402 0.262402 2.6166624796631699e-04
0.262402 0.350002 2.8363131740733751e-04
0.262402 0.428842 2.7126103259214997e-04
0.262402 0.499798 2.4307028591407959e-04
0.262402 0.563659 2.0960847736964920e-04
0.262402 0.621133 1.7639051535351036e-04
0.262402 0.672860 1.4598248113094142e-04
0.262402 0.719415 1.1933012843733970e-04
0.262402 0.761313 9.6547314427787581e-05
0.262402 0.799022 7.7359471514042724e-05
0.262402 0.832960 6.1341150884056871e-05
0.262402 0.863505 4.8036410115085716e-05
0.262402 0.890995 3.7015133731281823e-05
0.262402 0.915735 2.7895646538591077e-05
0.262402 0.938002 2.0350395246163245e-05
0.262402 0.958042 1.4103692556156853e-05
0.262402 0.976078 9.8932024381312420e-06

0.350002 0.165068 1.5711403839678215e-04
0.350002 0.262402 2.8363131740731995e-04
0.350002 0.350002 3.0176268070430002e-04
0.350002 0.428842 2.8388454829618789e-04
0.350002 0.499798 2.5047098571146100e-04
0.350002 0.563659 2.1281568890191543e-04
0.350002 0.621133 1.7656515563367205e-04
0.350002 0.672860 1.4415367797635380e-04
0.350002 0.719415 1.1631313082919266e-04
0.350002 0.761313 9.2944783775589620e-05
0.350002 0.799022 7.3594454929631063e-05
0.350002 0.832960 5.7696971795950851e-05
0.350002 0.863505 4.4693082853019002e-05
0.350002 0.890995 3.4078973226175669e-05
0.350002 0.915735 2.5421886812787097e-05
0.350002 0.938002 1.8359811575718398e-05
0.350002 0.958042 1.2594498159616919e-05
0.350002 0.976078 8.9256625095048640e-06

0.428842 0.165068 1.5358522383391183e-04
0.428842 0.262402 2.7126103259138420e-04
0.428842 0.350002 2.8388454829615520e-04
0.428842 0.428842 2.6296356977944662e-04
0.428842 0.499798 2.2857874645752438e-04
0.428842 0.563659 1.9144496319680219e-04
0.428842 0.621133 1.5666536192580395e-04
0.428842 0.672860 1.2624569772071346e-04
0.428842 0.719415 1.0061341085470485e-04
0.428842 0.761313 7.9470525264555548e-05
0.428842 0.799022 6.2242864086666969e-05
0.428842 0.832960 4.8300640830669246e-05
0.428842 0.863505 3.7056485773129640e-05
0.428842 0.890995 2.8001212784256285e-05
0.428842 0.915735 2.0709973373542976e-05
0.428842 0.938002 1.4835699445126759e-05
0.428842 0.958042 1.0098167484526448e-05
0.428842 0.976078 7.2913270229830833e-06

0.499798 0.165068 1.4014179137685108e-04
0.499798 0.262402 2.4307028591416416e-04
0.499798 0.350002 2.5047098571153055e-04
0.499798 0.428842 2.2857874645754910e-04
0.499798 0.499798 1.9581517885761942e-04
0.499798 0.563659 1.6169503769375844e-04
0.499798 0.621133 1.3052511328957435e-04
0.499798 0.672860 1.0382050952783851e-04
0.499798 0.719415 8.1730035504343543e-05
0.499798 0.761313 6.3815199987467977e-05
0.499798 0.799022 4.9446559910229821e-05
0.499798 0.832960 3.7988767990013031e-05
0.499798 0.863505 2.8875775414136340e-05
0.499798 0.890995 2.1632515210215398e-05
0.499798 0.915735 1.5872717512965268e-05
0.499798 0.938002 1.1287663737390694e-05
0.499798 0.958042 7.6328138959549086e-06
0.499798 0.976078 5.6501380748905359e-06

0.563659 0.165068 1.2306488345059625e-04
0.563659 0.262402 2.0960847736962399e-04
0.563659 0.350002 2.1281568890283998e-04
0.563659 0.428842 1.9144496319690215e-04
0.563659 0.499798 1.6169503769367284e-04
0.563659 0.563659 1.3167353598928644e-04
0.563659 0.621133 1.0486231791996995e-04
0.563659 0.672860 8.2331961923508967e-05
0.563659 0.719415 6.4019962587340590e-05
0.563659 0.761313 4.9411677096778864e-05
0.563659 0.799022 3.7875126528869317e-05
0.563659 0.832960 2.8809128456057452e-05
0.563659 0.863505 2.1697262117456205e-05
0.563659 0.890995 1.6117891785077867e-05
0.563659 0.915735 1.1735983856241514e-05
0.563659 0.938002 8.2891075561780157e-06
0.563659 0.958042 5.5731033986491083e-06
0.563659 0.976078 4.2510247487148442e-06

0.621133 0.165068 1.0561862611183309e-04
0.621133 0.262402 1.7639051535338812e-04
0.621133 0.350002 1.7656515563314157e-04
0.621133 0.428842 1.5666536192578226e-04
0.621133 0.499798 1.3052511328965461e-04
0.621133 0.563659 1.0486231791988364e-04
0.621133 0.621133 8.2410001890324206e-05
0.621133 0.672860 6.3878478430542241e-05
0.621133 0.719415 4.9065533893470441e-05
0.621133 0.761313 3.7433792676599658e-05
0.621133 0.799022 2.8385179906165696e-05
0.621133 0.832960 2.1375623149620125e-05
0.621133 0.863505 1.5951480811646489e-05
0.621133 0.890995 1.1751035560850315e-05
0.621133 0.915735 8.4926893559485173e-06
0.621133 0.938002 5.9598985105420124e-06
0.621133 0.958042 3.9870255093587627e-06
0.621133 0.976078 3.1462567730804728e-06

0.672860 0.165068 8.9324291815248182e-05
0.672860 0.262402 1.4598248113085400e-04
0.672860 0.350002 1.4415367797626503e-04
0.672860 0.428842 1.2624569772084473e-04
0.672860 0.499798 1.0382050952766530e-04
0.672860 0.563659 8.2331961923654413e-05
0.672860 0.621133 6.3878478430574929e-05
0.672860 0.672860 4.8897889759206420e-05
0.672860 0.719415 3.7108860415330602e-05
0.672860 0.761313 2.7989446887463320e-05
0.672860 0.799022 2.0997153599489873e-05
0.672860 0.832960 1.5655470926712948e-05
0.672860 0.863505 1.1576834059302430e-05
0.672860 0.890995 8.4584817836588994e-06
0.672860 0.915735 6.0689748401416511e-06
0.672860 0.938002 4.2333103955330830e-06
0.672860 0.958042 2.8197158091712628e-06
0.672860 0.976078 2.3080436182457736e-06

0.719415 0.165068 7.4763559578814399e-05
0.719415 0.262402 1.1933012843705788e-04
0.719415 0.350002 1.1631313082923622e-04
0.719415 0.428842 1.0061341085567413e-04
0.719415 0.499798 8.1730035504455460e-05
0.719415 0.563659 6.4019962587152332e-05
0.719415 0.621133 4.9065533893424390e-05
0.719415 0.672860 3.7108860415318472e-05
0.719415 0.719415 2.7835017857440157e-05
0.719415 0.761313 2.0761604450024592e-05
0.719415 0.799022 1.5412067254699688e-05
0.719415 0.832960 1.1379545552416367e-05
0.719415 0.863505 8.3400173480156206e-06
0.719415 0.890995 6.0448492899591722e-06
0.719415 0.915735 4.3070488056140281e-06
0.719415 0.938002 2.9873680320304869e-06
0.719415 0.958042 1.9824705196086969e-06
0.719415 0.976078 1.6850167073227082e-06

0.761313 0.165068 6.2046636712407796e-05
0.761313 0.262402 9.6547314428005980e-05
0.761313 0.350002 9.2944783774591286e-05
0.761313 0.428842 7.9470525263619597e-05
0.761313 0.499798 6.3815199986973621e-05
0.761313 0.563659 4.9411677096544379e-05
0.761313 0.621133 3.7433792676559434e-05
0.761313 0.672860 2.7989446887508192e-05
0.761313 0.719415 2.0761604450034838e-05
0.761313 0.761313 1.5320523058765662e-05
0.761313 0.799022 1.1258176035958223e-05
0.761313 0.832960 8.2343540019332929e-06
0.761313 0.863505 5.9829861207120631e-06
0.761313 0.890995 4.3030974757077720e-06
0.761313 0.915735 3.0457240155827865e-06
0.761313 0.938002 2.1014646979408082e-06
0.761313 0.958042 1.3902092904906848e-06
0.761313 0.976078 1.2262094853284758e-06

0.799022 0.165068 5.1068841128141320e-05
0.799022 0.262402 7.7359471514074437e-05
0.799022 0.350002 7.3594454929333314e-05
0.799022 0.428842 6.2242864086556652e-05
0.799022 0.499798 4.9446559910358123e-05
0.799022 0.563659 3.7875126528719223e-05
0.799022 0.621133 2.8385179905727611e-05
0.799022 0.672860 2.0997153599461183e-05
0.799022 0.719415 1.5412067255189910e-05
0.799022 0.761313 1.1258176036321255e-05
0.799022 0.799022 8.1936910158330155e-06
0.799022 0.832960 5.9393227766286726e-06
0.799022 0.863505 4.2800817949733278e-06
0.799022 0.890995 3.0558315356508933e-06
0.799022 0.915735 2.1494182861261568e-06
0.799022 0.938002 1.4758762602178708e-06
0.799022 0.958042 9.7374172218268556e-07
0.799022 0.976078 8.8919907530811589e-07

0.832960 0.165068 4.1643448120039063e-05
0.832960 0.262402 6.1341150884101987e-05
0.832960 0.350002 5.7696971795984163e-05
0.832960 0.428842 4.8300640830711692e-05
0.832960 0.499798 3.7988767989938072e-05
0.832960 0.563659 2.8809128456131570e-05
0.832960 0.621133 2.1375623149102338e-05
0.832960 0.672860 1.5655470926578452e-05
0.832960 0.719415 1.1379545552341665e-05
0.832960 0.761313 8.2343540017615281e-06
0.832960 0.799022 5.9393227766159671e-06
0.832960 0.832960 4.2691750902923447e-06
0.832960 0.863505 3.0529207483783564e-06
0.832960 0.890995 2.1647803100611828e-06
0.832960 0.915735 1.5138108958562174e-06
0.832960 0.938002 1.0348000875106116e-06
0.832960 0.958042 6.8109205937245163e-07
0.832960 0.976078 6.4135183505596283e-07

0.863505 0.165068 3.3566173920891466e-05
0.863505 0.262402 4.8036410115084741e-05
0.863505 0.350002 4.4693082853092795e-05
0.863505 0.428842 3.7056485772969124e-05
0.863505 0.499798 2.8875775414356758e-05
0.863505 0.563659 2.1697262116939040e-05
0.863505 0.621133 1.5951480811700672e-05
0.863505 0.672860 1.1576834059262613e-05
0.863505 0.719415 8.3400173480205808e-06
0.863505 0.761313 5.9829861207146516e-06
0.863505 0.799022 4.2800817949846238e-06
0.863505 0.832960 3.0529207485221894e-06
0.863505 0.863505 2.1678063078738872e-06
0.863505 0.890995 1.5274964301184493e-06
0.863505 0.915735 1.0624241707404402e-06
0.863505 0.938002 7.2321272082963880e-07
0.863505 0.958042 4.7488533430089898e-07
0.863505 0.976078 4.5854009661735626e-07

0.890995 0.165068 2.6643719209549719e-05
0.890995 0.262402 3.7015133731243700e-05
0.890995 0.350002 3.4078973226211908e-05
0.890995 0.428842 2.8001212784263847e-05
0.890995 0.499798 2.1632515210317570e-05
0.890995 0.563659 1.6117891785241134e-05
0.890995 0.621133 1.1751035560866632e-05
0.890995 0.672860 8.4584817836245166e-06
0.890995 0.719415 6.0448492900184983e-06
0.890995 0.761313 4.3030974756728878e-06
0.890995 0.799022 3.0558315355417277e-06
0.890995 0.832960 2.1647803101011594e-06
0.890995 0.863505 1.5274964301474449e-06
0.890995 0.890995 1.0702278531057119e-06
0.890995 0.915735 7.4071638332434182e-07
0.890995 0.938002 5.0220919843701029e-07
0.890995 0.958042 3.2890102487189490e-07
0.890995 0.976078 3.2326230558351242e-07

0.915735 0.165068 2.0704355961463641e-05
0.915735 0.262402 2.7895646538548078e-05
0.915735 0.350002 2.5421886812820700e-05
0.915735 0.428842 2.0709973373527194e-05
0.915735 0.499798 1.5872717512977181e-05
0.915735 0.563659 1.1735983856046751e-05
0.915735 0.621133 8.4926893560673187e-06
0.915735 0.672860 6.0689748403296585e-06
0.915735 0.719415 4.3070488056233658e-06
0.915735 0.761313 3.0457240155709721e-06
0.915735 0.799022 2.1494182861368362e-06
0.915735 0.832960 1.5138108958449146e-06
0.915735 0.863505 1.0624241707236401e-06
0.915735 0.890995 7.4071638332149409e-07
0.915735 0.915735 5.1037416428470990e-07
0.915735 0.938002 3.4466992719673878e-07
0.915735 0.958042 2.2498060361804988e-07
0.915735 0.976078 2.2290955013446239e-07

0.938002 0.165068 1.5600088869746946e-05
0.938002 0.262402 2.0350395246175734e-05
0.938002 0.350002 1.8359811575482177e-05
0.938002 0.428842 1.4835699445155023e-05
0.938002 0.499798 1.1287663737389122e-05
0.938002 0.563659 8.2891075561726286e-06
0.938002 0.621133 5.9598985105389359e-06
0.938002 0.672860 4.2333103954933369e-06
0.938002 0.719415 2.9873680321534219e-06
0.938002 0.761313 2.1014646979568883e-06
0.938002 0.799022 1.4758762602599853e-06
0.938002 0.832960 1.0348000874953023e-06
0.938002 0.863505 7.2321272082657932e-07
0.938002 0.890995 5.0220919845267870e-07
0.938002 0.915735 3.4466992715079487e-07
0.938002 0.938002 2.3180709191105894e-07
0.938002 0.958042 1.5061128578284738e-07
0.938002 0.976078 1.4838973199258693e-07

0.958042 0.165068 1.1205226338752667e-05
0.958042 0.262402 1.4103692556275000e-05
0.958042 0.350002 1.2594498159879147e-05
0.958042 0.428842 1.0098167484539194e-05
0.958042 0.499798 7.6328138959268109e-06
0.958042 0.563659 5.5731033986402382e-06
0.958042 0.621133 3.9870255093584951e-06
0.958042 0.672860 2.8197158091955455e-06
0.958042 0.719415 1.9824705196015683e-06
0.958042 0.761313 1.3902092904864259e-06
0.958042 0.799022 9.7374172216295308e-07
0.958042 0.832960 6.8109205937393564e-07
0.958042 0.863505 4.7488533429038052e-07
0.958042 0.890995 3.2890102486447997e-07
0.958042 0.915735 2.2498060359337751e-07
0.958042 0.938002 1.5061128578196096e-07
0.958042 0.958042 9.7164707365559600e-08
0.958042 0.976078 9.3109588890710683e-08

0.976078 0.165068 8.1519664430248125e-06
0.976078 0.262402 9.8932024381061834e-06
0.976078 0.350002 8.9256625093423557e-06
0.976078 0.428842 7.2913270229810877e-06
0.976078 0.499798 5.6501380748792127e-06
0.976078 0.563659 4.2510247487297824e-06
0.976078 0.621133 3.1462567731036612e-06
0.976078 0.672860 2.3080436182206032e-06
0.976078 0.719415 1.6850167073676484e-06
0.976078 0.761313 1.2262094853114691e-06
0.976078 0.799022 8.8919907533311691e-07
0.976078 0.832960 6.4135183506132963e-07
0.976078 0.863505 4.5854009662554284e-07
0.976078 0.890995 3.2326230559014553e-07
0.976078 0.915735 2.2290955012911930e-07
0.976078 0.938002 1.4838973198897603e-07
0.976078 0.958042 9.3109588891288783e-08
0.976078 0.976078 6.9962359068969558e-08

