0.165068 0.165068 8.9301474236477092e-04
0.165068 0.262402 8.9752579386534307e-04
0.165068 0.350002 8.2742087096848770e-04
0.165068 0.428842 7.1016256270134924e-04
0.165068 0.499798 5.8045594231724334e-04
0.165068 0.563659 4.5743334477664618e-04
0.165068 0.621133 3.4992608720943832e-04
0.165068 0.672860 2.6064832492460116e-04
0.165068 0.719415 1.8905611789051715e-04
0.165068 0.761313 1.3311590603462268e-04
0.165068 0.799022 9.0309363555689912e-05
0.165068 0.832960 5.8153499330422683e-05
0.165068 0.863505 3.4435163870343054e-05
0.165068 0.890995 1.7288714561631878e-05
0.165068 0.915735 5.1944461130035157e-06
0.165068 0.938002 -3.0581260042245487e-06
0.165068 0.958042 -8.4185630026966240e-06
0.165068 0.976078 -1.2361997173795331e-05

0.262402 0.165068 8.9752579386532432e-04
0.262402 0.262402 8.1779447968343333e-04
0.262402 0.350002 6.9768352261089504e-04
0.262402 0.428842 5.5402378003241047e-04
0.262402 0.499798 4.1651454122893200e-04
0.262402 0.563659 2.9871904322418559e-04
0.262402 0.621133 2.0450265672538264e-04
0.262402 0.672860 1.3268670231609615e-04
0.262402 0.719415 7.9957404295441181e-05
0.262402 0.761313 4.2480324898401531e-05
0.262402 0.799022 1.6683991864697420e-05
0.262402 0.832960 -4.3575433604024473e-07
0.262402 0.863505 -1.1260733991616695e-05
0.262402 0.890995 -1.7608626516317756e-05
0.262402 0.915735 -2.0830599385201701e-05
0.262402 0.938002 -2.1912115872325037e-05
0.262402 0.958042 -2.1561590896114606e-05
0.262402 0.976078 -2.1249340892450992e-05

0.350002 0.165068 8.2742087096862246e-04
0.350002 0.262402 6.9768352261091260e-04
0.350002 0.350002 5.5407263481597579e-04
0.350002 0.428842 4.0476247140023772e-04
0.350002 0.499798 2.7357056344930040e-04
0.350002 0.563659 1.6916960620065331e-04
0.350002 0.621133 9.1758306487683890e-05
0.350002 0.672860 3.7638318310914757e-05
0.350002 0.719415 1.9125745674091583e-06
0.350002 0.761313 -2.0139384090038899e-05
0.350002 0.799022 -3.2492744064089293e-05
0.350002 0.832960 -3.8244360732640124e-05
0.350002 0.863505 -3.9683706464945252e-05
0.350002 0.890995 -3.8438073367764053e-05
0.350002 0.915735 -3.5626948384481998e-05
0.350002 0.938002 -3.1997634275968708e-05
0.350002 0.958042 -2.8033649296322404e-05
0.350002 0.976078 -2.5079816264038269e-05

0.428842 0.165068 7.1016256270126348e-04
0.428842 0.262402 5.5402378003227418e-04
0.428842 0.350002 4.0476247140027041e-04
0.428842 0.428842 2.6333181578578197e-04
0.428842 0.499798 1.4729599524475681e-04
0.428842 0.563659 6.1055345367957612e-05
0.428842 0.621133 2.1211288406176474e-06
0.428842 0.672860 -3.4742262727359901e-05
0.428842 0.719415 -5.5191948715582393e-05
0.428842 0.761313 -6.4215776217363952e-05
0.428842 0.799022 -6.5765214774144885e-05
0.428842 0.832960 -6.2757215463596789e-05
0.428842 0.863505 -5.7230969509421522e-05
0.428842 0.890995 -5.0544785172819783e-05
0.428842 0.915735 -4.3559473504821514e-05
0.428842 0.938002 -3.6788549633050723e-05
0.428842 0.958042 -3.0512419916552968e-05
0.428842 0.976078 -2.5879705377463580e-05

0.499798 0.165068 5.8045594231725083e-04
0.499798 0.262402 4.1651454122895845e-04
0.499798 0.350002 2.7357056344934187e-04
0.499798 0.428842 1.4729599524473209e-04
0.499798 0.499798 4.9690737409144455e-05
0.499798 0.563659 -1.8098998539568822e-05
0.499798 0.621133 -6.0239041550456967e-05
0.499798 0.672860 -8.2660407326675073e-05
0.499798 0.719415 -9.1153561482668397e-05
0.499798 0.761313 -9.0548399657076220e-05
0.499798 0.799022 -8.4510270799537419e-05
0.499798 0.832960 -7.5633827223113440e-05
0.499798 0.863505 -6.5647622101215841e-05
0.499798 0.890995 -5.5632828357351400e-05
0.499798 0.915735 -4.6213958908845685e-05
0.499798 0.938002 -3.7708835347596338e-05
0.499798 0.958042 -3.0238996985765250e-05
0.499798 0.976078 -2.4742022166060326e-05

0.563659 0.165068 4.5743334477667291e-04
0.563659 0.262402 2.9871904322408590e-04
0.563659 0.350002 1.6916960620072795e-04
0.563659 0.428842 6.1055345367843771e-05
0.563659 0.499798 -1.8098998539483224e-05
0.563659 0.563659 -6.9364095493136492e-05
0.563659 0.621133 -9.7731940768318732e-05
0.563659 0.672860 -1.0920043967527007e-04
0.563659 0.719415 -1.0926955932332481e-04
0.563659 0.761313 -1.0235208067934339e-04
0.563659 0.799022 -9.1689021592458313e-05
0.563659 0.832960 -7.9496952278016667e-05
0.563659 0.863505 -6.7190182979944306e-05
0.563659 0.890995 -5.5599357250021430e-05
0.563659 0.915735 -4.5154519908791422e-05
0.563659 0.938002 -3.6025211530611673e-05
0.563659 0.958042 -2.8221289119682391e-05
0.563659 0.976078 -2.2483571953046141e-05

0.621133 0.165068 3.4992608720944612e-04
0.621133 0.262402 2.0450265672538692e-04
0.621133 0.350002 9.1758306487770274e-05
0.621133 0.428842 2.1211288406254537e-06
0.621133 0.499798 -6.0239041550537225e-05
0.621133 0.563659 -9.7731940768121408e-05
0.621133 0.621133 -1.1554639060816296e-04
0.621133 0.672860 -1.1933156227449183e-04
0.621133 0.719415 -1.1404682417429627e-04
0.621133 0.761313 -1.0355636278881583e-04
0.621133 0.799022 -9.0624807094295644e-05
0.621133 0.832960 -7.7088145594349393e-05
0.621133 0.863505 -6.4072242202394268e-05
0.621133 0.890995 -5.2197011641570102e-05
0.621133 0.915735 -4.1742755365315186e-05
0.621133 0.938002 -3.2774978439069696e-05
0.621133 0.958042 -2.5232687437381171e-05
0.621133 0.976078 -1.9686633612236491e-05

0.672860 0.165068 2.6064832492470654e-04
0.672860 0.262402 1.3268670231612805e-04
0.672860 0.350002 3.7638318310892504e-05
0.672860 0.428842 -3.4742262727477293e-05
0.672860 0.499798 -8.2660407326494933e-05
0.672860 0.563659 -1.0920043967540163e-04
0.672860 0.621133 -1.1933156227452452e-04
0.672860 0.672860 -1.1811621561438543e-04
0.672860 0.719415 -1.0985526161730356e-04
0.672860 0.761313 -9.7822419766586643e-05
0.672860 0.799022 -8.4309035425803155e-05
0.672860 0.832960 -7.0797837980410492e-05
0.672860 0.863505 -5.8164569460766825e-05
0.672860 0.890995 -4.6859763105741256e-05
0.672860 0.915735 -3.7053847575703814e-05
0.672860 0.938002 -2.8744407080396821e-05
0.672860 0.958042 -2.1831035297909881e-05
0.672860 0.976078 -1.6744108533830450e-05

0.719415 0.165068 1.8905611789046613e-04
0.719415 0.262402 7.9957404295320550e-05
0.719415 0.350002 1.9125745674072338e-06
0.719415 0.428842 -5.5191948715670430e-05
0.719415 0.499798 -9.1153561482766436e-05
0.719415 0.563659 -1.0926955932323370e-04
0.719415 0.621133 -1.1404682417425022e-04
0.719415 0.672860 -1.0985526161730530e-04
0.719415 0.719415 -1.0031077460402115e-04
0.719415 0.761313 -8.8112281281865908e-05
0.719415 0.799022 -7.5112987150133156e-05
0.719415 0.832960 -6.2484003325693718e-05
0.719415 0.863505 -5.0892147127889488e-05
0.719415 0.890995 -4.0655987643794869e-05
0.719415 0.915735 -3.1868435386162582e-05
0.719415 0.938002 -2.4486268072558708e-05
0.719415 0.958042 -1.8391909311262965e-05
0.719415 0.976078 -1.3903342647656063e-05

0.761313 0.165068 1.3311590603473330e-04
0.761313 0.262402 4.2480324898287215e-05
0.761313 0.350002 -2.0139384089935683e-05
0.761313 0.428842 -6.4215776217378629e-05
0.761313 0.499798 -9.0548399657025953e-05
0.761313 0.563659 -1.0235208067955299e-04
0.761313 0.621133 -1.0355636278876867e-04
0.761313 0.672860 -9.7822419766638454e-05
0.761313 0.719415 -8.8112281281876154e-05
0.761313 0.761313 -7.6598858719346269e-05
0.761313 0.799022 -6.4748301398084940e-05
0.761313 0.832960 -5.3466407150012197e-05
0.761313 0.863505 -4.3250086707962947e-05
0.761313 0.890995 -3.4317448656481552e-05
0.761313 0.915735 -2.6708647962878010e-05
0.761313 0.938002 -2.0358780699641131e-05
0.761313 0.958042 -1.5147697387427777e-05
0.761313 0.976078 -1.1305294739618726e-05

0.799022 0.165068 9.0309363555709441e-05
0.799022 0.262402 1.6683991864738565e-05
0.799022 0.350002 -3.2492744064228701e-05
0.799022 0.428842 -6.5765214773923545e-05
0.799022 0.499798 -8.4510270799610209e-05
0.799022 0.563659 -9.1689021592249238e-05
0.799022 0.621133 -9.0624807094357159e-05
0.799022 0.672860 -8.4309035425781404e-05
0.799022 0.719415 -7.5112987150123778e-05
0.799022 0.761313 -6.4748301398003883e-05
0.799022 0.799022 -5.4350589222177709e-05
0.799022 0.832960 -4.4605692047617160e-05
0.799022 0.863505 -3.5875164792955660e-05
0.799022 0.890995 -2.8302056236979220e-05
0.799022 0.915735 -2.1891961306161888e-05
0.799022 0.938002 -1.6571067834764587e-05
0.799022 0.958042 -1.2225469981695592e-05
0.799022 0.976078 -9.0171193040831585e-06

0.832960 0.165068 5.8153499330425461e-05
0.832960 0.262402 -4.3575433605412930e-07
0.832960 0.350002 -3.8244360732590170e-05
0.832960 0.428842 -6.2757215463642705e-05
0.832960 0.499798 -7.5633827223028073e-05
0.832960 0.563659 -7.9496952278142828e-05
0.832960 0.621133 -7.7088145594272225e-05
0.832960 0.672860 -7.0797837980498041e-05
0.832960 0.719415 -6.2484003325617281e-05
0.832960 0.761313 -5.3466407150062477e-05
0.832960 0.799022 -4.4605692047633945e-05
0.832960 0.832960 -3.6409197038015444e-05
0.832960 0.863505 -2.9132481334526204e-05
0.832960 0.890995 -2.2863447989443869e-05
0.832960 0.915735 -1.7586094616557886e-05
0.832960 0.938002 -1.3225766535065439e-05
0.832960 0.958042 -9.6795386772397855e-06
0.832960 0.976078 -7.0576225581886502e-06

0.863505 0.165068 3.4435163870332171e-05
0.863505 0.262402 -1.1260733991594904e-05
0.863505 0.350002 -3.9683706465025985e-05
0.863505 0.428842 -5.7230969509264475e-05
0.863505 0.499798 -6.5647622101384218e-05
0.863505 0.563659 -6.7190182979930211e-05
0.863505 0.621133 -6.4072242202476207e-05
0.863505 0.672860 -5.8164569460728742e-05
0.863505 0.719415 -5.0892147127866693e-05
0.863505 0.761313 -4.3250086707967271e-05
0.863505 0.799022 -3.5875164792966956e-05
0.863505 0.832960 -2.9132481334448859e-05
0.863505 0.863505 -2.3195871401420084e-05
0.863505 0.890995 -1.8113409316355489e-05
0.863505 0.915735 -1.3856496314364848e-05
0.863505 0.938002 -1.0354387769586341e-05
0.863505 0.958042 -7.5171619586055973e-06
0.863505 0.976078 -5.4160768180106922e-06

0.890995 0.165068 1.7288714561625508e-05
0.890995 0.262402 -1.7608626516319535e-05
0.890995 0.350002 -3.8438073367748251e-05
0.890995 0.428842 -5.0544785172855101e-05
0.890995 0.499798 -5.5632828357262753e-05
0.890995 0.563659 -5.5599357249933162e-05
0.890995 0.621133 -5.2197011641556929e-05
0.890995 0.672860 -4.6859763105734628e-05
0.890995 0.719415 -4.0655987643826439e-05
0.890995 0.761313 -3.4317448656419779e-05
0.890995 0.799022 -2.8302056236981076e-05
0.890995 0.832960 -2.2863447989483845e-05
0.890995 0.863505 -1.8113409316384485e-05
0.890995 0.890995 -1.4071806505030164e-05
0.890995 0.915735 -1.0703548970885815e-05
0.890995 0.938002 -7.9443227914353814e-06
0.890995 0.958042 -5.7175312161352682e-06
0.890995 0.976078 -4.0654338343142312e-06

0.915735 0.165068 5.1944461129986554e-06
0.915735 0.262402 -2.0830599385186458e-05
0.915735 0.350002 -3.5626948384543357e-05
0.915735 0.428842 -4.3559473504791855e-05
0.915735 0.499798 -4.6213958908869741e-05
0.915735 0.563659 -4.5154519908806560e-05
0.915735 0.621133 -4.1742755365404497e-05
0.915735 0.672860 -3.7053847575643756e-05
0.915735 0.719415 -3.1868435386184930e-05
0.915735 0.761313 -2.6708647962867063e-05
0.915735 0.799022 -2.1891961306171700e-05
0.915735 0.832960 -1.7586094616546583e-05
0.915735 0.863505 -1.3856496314347180e-05
0.915735 0.890995 -1.0703548970882533e-05
0.915735 0.915735 -8.0897109460533778e-06
0.915735 0.938002 -5.9581783747163015e-06
0.915735 0.958042 -4.2450114239815423e-06
0.915735 0.976078 -2.9711485830935869e-06

0.938002 0.165068 -3.0581260042265299e-06
0.938002 0.262402 -2.1912115872309770e-05
0.938002 0.350002 -3.1997634275944123e-05
0.938002 0.428842 -3.6788549633059905e-05
0.938002 0.499798 -3.7708835347622521e-05
0.938002 0.563659 -3.6025211530620163e-05
0.938002 0.621133 -3.2774978439079630e-05
0.938002 0.672860 -2.8744407080370953e-05
0.938002 0.719415 -2.4486268072558478e-05
0.938002 0.761313 -2.0358780699656344e-05
0.938002 0.799022 -1.6571067834792390e-05
0.938002 0.832960 -1.3225766535049696e-05
0.938002 0.863505 -1.0354387769590221e-05
0.938002 0.890995 -7.9443227914510498e-06
0.938002 0.915735 -5.9581783747258688e-06
0.938002 0.938002 -4.3468523450757291e-06
0.938002 0.958042 -3.0578798969501371e-06
0.938002 0.976078 -2.0967561349682983e-06

0.958042 0.165068 -8.4185630026883570e-06
0.958042 0.262402 -2.1561590896122599e-05
0.958042 0.350002 -2.8033649296371261e-05
0.958042 0.428842 -3.0512419916537958e-05
0.958042 0.499798 -3.0238996985738020e-05
0.958042 0.563659 -2.8221289119666582e-05
0.958042 0.621133 -2.5232687437374831e-05
0.958042 0.672860 -2.1831035297921153e-05
0.958042 0.719415 -1.8391909311248898e-05
0.958042 0.761313 -1.5147697387423084e-05
0.958042 0.799022 -1.2225469981682799e-05
0.958042 0.832960 -9.6795386772412695e-06
0.958042 0.863505 -7.5171619585950788e-06
0.958042 0.890995 -5.7175312161278533e-06
0.958042 0.915735 -4.2450114239846255e-06
0.958042 0.938002 -3.0578798969492507e-06
0.958042 0.958042 -2.1137550231359217e-06
0.958042 0.976078 -1.4071614131215250e-06

0.976078 0.165068 -1.2361997173821343e-05
0.976078 0.262402 -2.1249340892422464e-05
0.976078 0.350002 -2.5079816263985049e-05
0.976078 0.428842 -2.5879705377468523e-05
0.976078 0.499798 -2.4742022166052473e-05
0.976078 0.563659 -2.2483571953060212e-05
0.976078 0.621133 -1.9686633612257077e-05
0.976078 0.672860 -1.6744108533808315e-05
0.976078 0.719415 -1.3903342647700570e-05
0.976078 0.761313 -1.1305294739604755e-05
0.976078 0.799022 -9.0171193041081595e-06
0.976078 0.832960 -7.0576225581940170e-06
0.976078 0.863505 -5.4160768180188788e-06
0.976078 0.890995 -4.0654338343207559e-06
0.976078 0.915735 -2.9711485831021216e-06
0.976078 0.938002 -2.0967561349655548e-06
0.976078 0.958042 -1.4071614131221573e-06
0.976078 0.976078 -8.8810290375751878e-07

