0.165068 0.165068 9.4863135953596189e-04
0.165068 0.262402 1.0371640630336201e-03
0.165068 0.350002 9.8453490936539767e-04
0.165068 0.428842 8.6374778653517531e-04
0.165068 0.499798 7.2059773369409497e-04
0.165068 0.563659 5.8049822822733854e-04
0.165068 0.621133 4.5554471332127228e-04
0.165068 0.672860 3.4997261673994778e-04
0.165068 0.719415 2.6381967746972462e-04
0.165068 0.761313 1.9516254274711334e-04
0.165068 0.799022 1.4137820468379525e-04
0.165068 0.832960 9.9796947450270235e-05
0.165068 0.863505 6.8001337791253127e-05
0.165068 0.890995 4.3932433771216861e-05
0.165068 0.915735 2.5898802074705157e-05
0.165068 0.938002 1.2541962865521283e-05
0.165068 0.958042 2.7866633360747184e-06
0.165068 0.976078 -4.2100307307939289e-06

0.262402 0.165068 1.0371640630336201e-03
0.262402 0.262402 1.0794607276497503e-03
0.262402 0.350002 9.8131484001823255e-04
0.262402 0.428842 8.2528481262456044e-04
0.262402 0.499798 6.5958482714301159e-04
0.262402 0.563659 5.0832752059383479e-04
0.262402 0.621133 3.8089317207889301e-04
0.262402 0.672860 2.7866918344703756e-04
0.262402 0.719415 1.9928753273278088e-04
0.262402 0.761313 1.3902763932618911e-04
0.262402 0.799022 9.4043463378740144e-05
0.262402 0.832960 6.0905396548016633e-05
0.262402 0.863505 3.6775676123469020e-05
0.262402 0.890995 1.9406507214964064e-05
0.262402 0.915735 7.0650471533893755e-06
0.262402 0.938002 -1.5617206261617916e-06
0.262402 0.958042 -7.4578983399577539e-06
0.262402 0.976078 -1.1356138454319750e-05

0.350002 0.165068 9.8453490936540461e-04
0.350002 0.262402 9.8131484001823255e-04
0.350002 0.350002 8.5583531552027581e-04
0.350002 0.428842 6.8864701969642561e-04
0.350002 0.499798 5.2404154916076140e-04
0.350002 0.563659 3.8198529510256873e-04
0.350002 0.621133 2.6832346212135594e-04
0.350002 0.672860 1.8179199628726855e-04
0.350002 0.719415 1.1822570539660182e-04
0.350002 0.761313 7.2805399685550720e-05
0.350002 0.799022 4.1101710865541763e-05
0.350002 0.832960 1.9452611063310726e-05
0.350002 0.863505 5.0093763880737496e-06
0.350002 0.890995 -4.3591001415883845e-06
0.350002 0.915735 -1.0205061571694901e-05
0.350002 0.938002 -1.3637822700250310e-05
0.350002 0.958042 -1.5439151136705485e-05
0.350002 0.976078 -1.6154153754533405e-05

0.428842 0.165068 8.6374778653517531e-04
0.428842 0.262402 8.2528481262365838e-04
0.428842 0.350002 6.8864701969642561e-04
0.428842 0.428842 5.2629538556522859e-04
0.428842 0.499798 3.7587474170228119e-04
0.428842 0.563659 2.5250030856475980e-04
0.428842 0.621133 1.5878649076642160e-04
0.428842 0.672860 9.1503434993353561e-05
0.428842 0.719415 4.5421462139122459e-05
0.428842 0.761313 1.5254749047191596e-05
0.428842 0.799022 -3.5223506874779154e-06
0.428842 0.832960 -1.4456574632927544e-05
0.428842 0.863505 -2.0174483736291882e-05
0.428842 0.890995 -2.2543572388563499e-05
0.428842 0.915735 -2.2849500131278538e-05
0.428842 0.938002 -2.1952850187923964e-05
0.428842 0.958042 -2.0414252432026520e-05
0.428842 0.976078 -1.8588378354480496e-05

0.499798 0.165068 7.2059773369410191e-04
0.499798 0.262402 6.5958482714312261e-04
0.499798 0.350002 5.2404154916087242e-04
0.499798 0.428842 3.7587474170228119e-04
0.499798 0.499798 2.4550591626676388e-04
0.499798 0.563659 1.4359603915418961e-04
0.499798 0.621133 7.0286071739117384e-05
0.499798 0.672860 2.1160102201163433e-05
0.499798 0.719415 -9.4235259783248537e-06
0.499798 0.761313 -2.6733199669608243e-05
0.499798 0.799022 -3.5063710889307598e-05
0.499798 0.832960 -3.7645059233100409e-05
0.499798 0.863505 -3.6771846687079501e-05
0.499798 0.890995 -3.4000313147136002e-05
0.499798 0.915735 -3.0341241395880417e-05
0.499798 0.938002 -2.6421171610205643e-05
0.499798 0.958042 -2.2606183089810342e-05
0.499798 0.976078 -1.9091884091169790e-05

0.563659 0.165068 5.8049822822726915e-04
0.563659 0.262402 5.0832752059370989e-04
0.563659 0.350002 3.8198529510356793e-04
0.563659 0.428842 2.5250030856474592e-04
0.563659 0.499798 1.4359603915418961e-04
0.563659 0.563659 6.2309440496149948e-05
0.563659 0.621133 7.1303771516512127e-06
0.563659 0.672860 -2.6868477751761100e-05
0.563659 0.719415 -4.5249596735984221e-05
0.563659 0.761313 -5.2940403582564521e-05
0.563659 0.799022 -5.3813895063588996e-05
0.563659 0.832960 -5.0687823821959216e-05
0.563659 0.863505 -4.5492920862488101e-05
0.563659 0.890995 -3.9481465464943563e-05
0.563659 0.915735 -3.3418536052549908e-05
0.563659 0.938002 -2.7736103974433657e-05
0.563659 0.958042 -2.2648185721033283e-05
0.563659 0.976078 -1.8232547204331297e-05

0.621133 0.165068 4.5554471332127922e-04
0.621133 0.262402 3.8089317207877504e-04
0.621133 0.350002 2.6832346212091185e-04
0.621133 0.428842 1.5878649076640772e-04
0.621133 0.499798 7.0286071739117384e-05
0.621133 0.563659 7.1303771517622350e-06
0.621133 0.621133 -3.3136388717838750e-05
0.621133 0.672860 -5.5453083843949591e-05
0.621133 0.719415 -6.4981290280825832e-05
0.621133 0.761313 -6.6122570112216172e-05
0.621133 0.799022 -6.2239627188129948e-05
0.621133 0.832960 -5.5712522444729268e-05
0.621133 0.863505 -4.8120761390747779e-05
0.621133 0.890995 -4.0445976080719787e-05
0.621133 0.915735 -3.3250066009366669e-05
0.621133 0.938002 -2.6815079928527684e-05
0.621133 0.958042 -2.1245661928022408e-05
0.621133 0.976078 -1.6540376839156018e-05

0.672860 0.165068 3.4997261673995472e-04
0.672860 0.262402 2.7866918344698205e-04
0.672860 0.350002 1.8179199628715753e-04
0.672860 0.428842 9.1503434993367438e-05
0.672860 0.499798 2.1160102201170372e-05
0.672860 0.563659 -2.6868477751747222e-05
0.672860 0.621133 -5.5453083843949591e-05
0.672860 0.672860 -6.9218325855179008e-05
0.672860 0.719415 -7.2746401201972954e-05
0.672860 0.761313 -6.9832972879123323e-05
0.672860 0.799022 -6.3311881826313282e-05
0.672860 0.832960 -5.5142367053697544e-05
0.672860 0.863505 -4.6587735401464395e-05
0.672860 0.890995 -3.8401281322082356e-05
0.672860 0.915735 -3.0984872735562163e-05
0.672860 0.938002 -2.4511096684863738e-05
0.672860 0.958042 -1.9011319488738618e-05
0.672860 0.976078 -1.4436064915584676e-05

0.719415 0.165068 2.6381967746928053e-04
0.719415 0.262402 1.9928753273237843e-04
0.719415 0.350002 1.1822570539664345e-04
0.719415 0.428842 4.5421462140003699e-05
0.719415 0.499798 -9.4235259783109759e-06
0.719415 0.563659 -4.5249596736081366e-05
0.719415 0.621133 -6.4981290280825832e-05
0.719415 0.672860 -7.2746401201986832e-05
0.719415 0.719415 -7.2475756746580994e-05
0.719415 0.761313 -6.7350676831841316e-05
0.719415 0.799022 -5.9700919895433469e-05
0.719415 0.832960 -5.1104457773277351e-05
0.719415 0.863505 -4.2552129779873868e-05
0.719415 0.890995 -3.4611138353835696e-05
0.719415 0.915735 -2.7561386580548554e-05
0.719415 0.938002 -2.1498900040528221e-05
0.719415 0.958042 -1.6409438791654268e-05
0.719415 0.976078 -1.2218325940333355e-05

0.761313 0.165068 1.9516254274714109e-04
0.761313 0.262402 1.3902763932629320e-04
0.761313 0.350002 7.2805399684655603e-05
0.761313 0.428842 1.5254749046240967e-05
0.761313 0.499798 -2.6733199670052332e-05
0.761313 0.563659 -5.2940403583008611e-05
0.761313 0.621133 -6.6122570112209234e-05
0.761313 0.672860 -6.9832972879130262e-05
0.761313 0.719415 -6.7350676831841316e-05
0.761313 0.761313 -6.1278335660580607e-05
0.761313 0.799022 -5.3490125362126717e-05
0.761313 0.832960 -4.5232053148078905e-05
0.761313 0.863505 -3.7267100587250884e-05
0.761313 0.890995 -3.0014351180773780e-05
0.761313 0.915735 -2.3662923947295224e-05
0.761313 0.938002 -1.8257316001700323e-05
0.761313 0.958042 -1.3757488096937092e-05
0.761313 0.976078 -1.0079085254290250e-05

0.799022 0.165068 1.4137820468385076e-04
0.799022 0.262402 9.4043463378813003e-05
0.799022 0.350002 4.1101710865104613e-05
0.799022 0.428842 -3.5223506873668931e-06
0.799022 0.499798 -3.5063710889252087e-05
0.799022 0.563659 -5.3813895063530015e-05
0.799022 0.621133 -6.2239627188629548e-05
0.799022 0.672860 -6.3311881826320221e-05
0.799022 0.719415 -5.9700919894933868e-05
0.799022 0.761313 -5.3490125361682628e-05
0.799022 0.799022 -4.6156898206344693e-05
0.799022 0.832960 -3.8666369270988488e-05
0.799022 0.863505 -3.1595082997982332e-05
0.799022 0.890995 -2.5246224701328326e-05
0.799022 0.915735 -1.9742543020035731e-05
0.799022 0.938002 -1.5095191574546717e-05
0.799022 0.958042 -1.1251728259512907e-05
0.799022 0.976078 -8.1279202287750426e-06

0.832960 0.165068 9.9796947450464524e-05
0.832960 0.262402 6.0905396548047858e-05
0.832960 0.350002 1.9452611063393993e-05
0.832960 0.428842 -1.4456574632931013e-05
0.832960 0.499798 -3.7645059233090000e-05
0.832960 0.563659 -5.0687823822011258e-05
0.832960 0.621133 -5.5712522445169887e-05
0.832960 0.672860 -5.5142367053919589e-05
0.832960 0.719415 -5.1104457773275616e-05
0.832960 0.761313 -4.5232053148300949e-05
0.832960 0.799022 -3.8666369271017978e-05
0.832960 0.832960 -3.2140021947723099e-05
0.832960 0.863505 -2.6079560586147847e-05
0.832960 0.890995 -2.0698667679382686e-05
0.832960 0.915735 -1.6072283720701668e-05
0.832960 0.938002 -1.2190966447554828e-05
0.832960 0.958042 -8.9984466178673339e-06
0.832960 0.976078 -6.4162707231326874e-06

0.863505 0.165068 6.8001337791223637e-05
0.863505 0.262402 3.6775676123489837e-05
0.863505 0.350002 5.0093763880668107e-06
0.863505 0.428842 -2.0174483736295351e-05
0.863505 0.499798 -3.6771846687027460e-05
0.863505 0.563659 -4.5492920862991171e-05
0.863505 0.621133 -4.8120761390775535e-05
0.863505 0.672860 -4.6587735401466129e-05
0.863505 0.719415 -4.2552129779846112e-05
0.863505 0.761313 -3.7267100587252619e-05
0.863505 0.799022 -3.1595082997982332e-05
0.863505 0.832960 -2.6079560585926670e-05
0.863505 0.863505 -2.1028065093546197e-05
0.863505 0.890995 -1.6585912886237040e-05
0.863505 0.915735 -1.2794072143624408e-05
0.863505 0.938002 -9.6311750487567023e-06
0.863505 0.958042 -7.0422766243046983e-06
0.863505 0.976078 -4.9575367213933359e-06

0.890995 0.165068 4.3932433771175228e-05
0.890995 0.262402 1.9406507214924165e-05
0.890995 0.350002 -4.3591001415363428e-06
0.890995 0.428842 -2.2543572388591254e-05
0.890995 0.499798 -3.4000313146945182e-05
0.890995 0.563659 -3.9481465464692028e-05
0.890995 0.621133 -4.0445976080690296e-05
0.890995 0.672860 -3.8401281322110112e-05
0.890995 0.719415 -3.4611138353807941e-05
0.890995 0.761313 -3.0014351180746891e-05
0.890995 0.799022 -2.5246224701439349e-05
0.890995 0.832960 -2.0698667679382686e-05
0.890995 0.863505 -1.6585912886237040e-05
0.890995 0.890995 -1.3001578651924452e-05
0.890995 0.915735 -9.9628325875614730e-06
0.890995 0.938002 -7.4421135929983711e-06
0.890995 0.958042 -5.3886301912633734e-06
0.890995 0.976078 -3.7421715287307188e-06

0.915735 0.165068 2.5898802074462296e-05
0.915735 0.262402 7.0650471533616199e-06
0.915735 0.350002 -1.0205061571722657e-05
0.915735 0.428842 -2.2849500131264661e-05
0.915735 0.499798 -3.0341241395892560e-05
0.915735 0.563659 -3.3418536052759809e-05
0.915735 0.621133 -3.3250066009337179e-05
0.915735 0.672860 -3.0984872735314098e-05
0.915735 0.719415 -2.7561386580561564e-05
0.915735 0.761313 -2.3662923947296091e-05
0.915735 0.799022 -1.9742543020034864e-05
0.915735 0.832960 -1.6072283720701668e-05
0.915735 0.863505 -1.2794072143623540e-05
0.915735 0.890995 -9.9628325875610393e-06
0.915735 0.915735 -7.5793367817686679e-06
0.915735 0.938002 -5.6135084475195628e-06
0.915735 0.958042 -4.0200308203634924e-06
0.915735 0.976078 -2.7482390329591246e-06

0.938002 0.165068 1.2541962865520416e-05
0.938002 0.262402 -1.5617206261340361e-06
0.938002 0.350002 -1.3637822700461946e-05
0.938002 0.428842 -2.1952850187904882e-05
0.938002 0.499798 -2.6421171610233399e-05
0.938002 0.563659 -2.7736103974447535e-05
0.938002 0.621133 -2.6815079928540694e-05
0.938002 0.672860 -2.4511096684877616e-05
0.938002 0.719415 -2.1498900040405056e-05
0.938002 0.761313 -1.8257316001699456e-05
0.938002 0.799022 -1.5095191574532405e-05
0.938002 0.832960 -1.2190966447554394e-05
0.938002 0.863505 -9.6311750487636412e-06
0.938002 0.890995 -7.4421135929983711e-06
0.938002 0.915735 -5.6135084475750739e-06
0.938002 0.938002 -4.1150452531646701e-06
0.938002 0.958042 -2.9072686111672897e-06
0.938002 0.976078 -1.9483664029757114e-06

0.958042 0.165068 2.7866633360643100e-06
0.958042 0.262402 -7.4578983398475990e-06
0.958042 0.350002 -1.5439151136492114e-05
0.958042 0.428842 -2.0414252431998764e-05
0.958042 0.499798 -2.2606183089811209e-05
0.958042 0.563659 -2.2648185721026344e-05
0.958042 0.621133 -2.1245661928016336e-05
0.958042 0.672860 -1.9011319488725607e-05
0.958042 0.719415 -1.6409438791647329e-05
0.958042 0.761313 -1.3757488096936658e-05
0.958042 0.799022 -1.1251728259519846e-05
0.958042 0.832960 -8.9984466178673339e-06
0.958042 0.863505 -7.0422766243046983e-06
0.958042 0.890995 -5.3886301912633734e-06
0.958042 0.915735 -4.0200308203912479e-06
0.958042 0.938002 -2.9072686111672897e-06
0.958042 0.958042 -2.0165903157703621e-06
0.958042 0.976078 -1.3140518242308144e-06

0.976078 0.165068 -4.2100307307965310e-06
0.976078 0.262402 -1.1356138454316281e-05
0.976078 0.350002 -1.6154153754642693e-05
0.976078 0.428842 -1.8588378354487435e-05
0.976078 0.499798 -1.9091884091173260e-05
0.976078 0.563659 -1.8232547204330429e-05
0.976078 0.621133 -1.6540376839153416e-05
0.976078 0.672860 -1.4436064915587712e-05
0.976078 0.719415 -1.2218325940332921e-05
0.976078 0.761313 -1.0079085254293286e-05
0.976078 0.799022 -8.1279202287750426e-06
0.976078 0.832960 -6.4162707231326874e-06
0.976078 0.863505 -4.9575367213933359e-06
0.976078 0.890995 -3.7421715287306104e-06
0.976078 0.915735 -2.7482390329730023e-06
0.976078 0.938002 -1.9483664029765787e-06
0.976078 0.958042 -1.3140518242308686e-06
0.976078 0.976078 -8.1814054468854923e-07

