0.000000 0.000000 1.000000
0.000000 0.052632 1.000000
0.000000 0.105263 1.000000
0.000000 0.157895 1.000000
0.000000 0.210526 1.000000
0.000000 0.263158 1.000000
0.000000 0.315789 1.000000
0.000000 0.368421 1.000000
0.000000 0.421053 1.000000
0.000000 0.473684 1.000000
0.000000 0.526316 1.000000
0.000000 0.578947 1.000000
0.000000 0.631579 1.000000
0.000000 0.684211 1.000000
0.000000 0.736842 1.000000
0.000000 0.789474 1.000000
0.000000 0.842105 1.000000
0.000000 0.894737 1.000000
0.000000 0.947368 1.000000
0.000000 1.000000 1.000000

0.052632 0.000000 1.000000
0.052632 0.052632 1.027091
0.052632 0.105263 1.053444
0.052632 0.157895 1.078338
0.052632 0.210526 1.101096
0.052632 0.263158 1.121096
0.052632 0.315789 1.137793
0.052632 0.368421 1.150731
0.052632 0.421053 1.159558
0.052632 0.473684 1.164032
0.052632 0.526316 1.164032
0.052632 0.578947 1.159558
0.052632 0.631579 1.150731
0.052632 0.684211 1.137793
0.052632 0.736842 1.121096
0.052632 0.789474 1.101096
0.052632 0.842105 1.078338
0.052632 0.894737 1.053444
0.052632 0.947368 1.027091
0.052632 1.000000 1.000000

0.105263 0.000000 1.000000
0.105263 0.052632 1.053444
0.105263 0.105263 1.105430
0.105263 0.157895 1.154540
0.105263 0.210526 1.199435
0.105263 0.263158 1.238889
0.105263 0.315789 1.271828
0.105263 0.368421 1.297351
0.105263 0.421053 1.314764
0.105263 0.473684 1.323590
0.105263 0.526316 1.323590
0.105263 0.578947 1.314764
0.105263 0.631579 1.297351
0.105263 0.684211 1.271828
0.105263 0.736842 1.238889
0.105263 0.789474 1.199435
0.105263 0.842105 1.154540
0.105263 0.894737 1.105430
0.105263 0.947368 1.053444
0.105263 1.000000 1.000000

0.157895 0.000000 1.000000
0.157895 0.052632 1.078338
0.157895 0.105263 1.154540
0.157895 0.157895 1.226526
0.157895 0.210526 1.292333
0.157895 0.263158 1.350166
0.157895 0.315789 1.398447
0.157895 0.368421 1.435860
0.157895 0.421053 1.461384
0.157895 0.473684 1.474322
0.157895 0.526316 1.474322
0.157895 0.578947 1.461384
0.157895 0.631579 1.435860
0.157895 0.684211 1.398447
0.157895 0.736842 1.350166
0.157895 0.789474 1.292333
0.157895 0.842105 1.226526
0.157895 0.894737 1.154540
0.157895 0.947368 1.078338
0.157895 1.000000 1.000000

0.210526 0.000000 1.000000
0.210526 0.052632 1.101096
0.210526 0.105263 1.199435
0.210526 0.157895 1.292333
0.210526 0.210526 1.377257
0.210526 0.263158 1.451891
0.210526 0.315789 1.514198
0.210526 0.368421 1.562480
0.210526 0.421053 1.595418
0.210526 0.473684 1.612115
0.210526 0.526316 1.612115
0.210526 0.578947 1.595418
0.210526 0.631579 1.562480
0.210526 0.684211 1.514198
0.210526 0.736842 1.451891
0.210526 0.789474 1.377257
0.210526 0.842105 1.292333
0.210526 0.894737 1.199435
0.210526 0.947368 1.101096
0.210526 1.000000 1.000000

0.263158 0.000000 1.000000
0.263158 0.052632 1.121096
0.263158 0.105263 1.238889
0.263158 0.157895 1.350166
0.263158 0.210526 1.451891
0.263158 0.263158 1.541290
0.263158 0.315789 1.615923
0.263158 0.368421 1.673756
0.263158 0.421053 1.713211
0.263158 0.473684 1.733211
0.263158 0.526316 1.733211
0.263158 0.578947 1.713211
0.263158 0.631579 1.673756
0.263158 0.684211 1.615923
0.263158 0.736842 1.541290
0.263158 0.789474 1.451891
0.263158 0.842105 1.350166
0.263158 0.894737 1.238889
0.263158 0.947368 1.121096
0.263158 1.000000 1.000000

0.315789 0.000000 1.000000
0.315789 0.052632 1.137793
0.315789 0.105263 1.271828
0.315789 0.157895 1.398447
0.315789 0.210526 1.514198
0.315789 0.263158 1.615923
0.315789 0.315789 1.700848
0.315789 0.368421 1.766655
0.315789 0.421053 1.811549
0.315789 0.473684 1.834307
0.315789 0.526316 1.834307
0.315789 0.578947 1.811549
0.315789 0.631579 1.766655
0.315789 0.684211 1.700848
0.315789 0.736842 1.615923
0.315789 0.789474 1.514198
0.315789 0.842105 1.398447
0.315789 0.894737 1.271828
0.315789 0.947368 1.137793
0.315789 1.000000 1.000000

0.368421 0.000000 1.000000
0.368421 0.052632 1.150731
0.368421 0.105263 1.297351
0.368421 0.157895 1.435860
0.368421 0.210526 1.562480
0.368421 0.263158 1.673756
0.368421 0.315789 1.766655
0.368421 0.368421 1.838641
0.368421 0.421053 1.887751
0.368421 0.473684 1.912645
0.368421 0.526316 1.912645
0.368421 0.578947 1.887751
0.368421 0.631579 1.838641
0.368421 0.684211 1.766655
0.368421 0.736842 1.673756
0.368421 0.789474 1.562480
0.368421 0.842105 1.435860
0.368421 0.894737 1.297351
0.368421 0.947368 1.150731
0.368421 1.000000 1.000000

0.421053 0.000000 1.000000
0.421053 0.052632 1.159558
0.421053 0.105263 1.314764
0.421053 0.157895 1.461384
0.421053 0.210526 1.595418
0.421053 0.263158 1.713211
0.421053 0.315789 1.811549
0.421053 0.368421 1.887751
0.421053 0.421053 1.939737
0.421053 0.473684 1.966089
0.421053 0.526316 1.966089
0.421053 0.578947 1.939737
0.421053 0.631579 1.887751
0.421053 0.684211 1.811549
0.421053 0.736842 1.713211
0.421053 0.789474 1.595418
0.421053 0.842105 1.461384
0.421053 0.894737 1.314764
0.421053 0.947368 1.159558
0.421053 1.000000 1.000000

0.473684 0.000000 1.000000
0.473684 0.052632 1.164032
0.473684 0.105263 1.323590
0.473684 0.157895 1.474322
0.473684 0.210526 1.612115
0.473684 0.263158 1.733211
0.473684 0.315789 1.834307
0.473684 0.368421 1.912645
0.473684 0.421053 1.966089
0.473684 0.473684 1.993181
0.473684 0.526316 1.993181
0.473684 0.578947 1.966089
0.473684 0.631579 1.912645
0.473684 0.684211 1.834307
0.473684 0.736842 1.733211
0.473684 0.789474 1.612115
0.473684 0.842105 1.474322
0.473684 0.894737 1.323590
0.473684 0.947368 1.164032
0.473684 1.000000 1.000000

0.526316 0.000000 1.000000
0.526316 0.052632 1.164032
0.526316 0.105263 1.323590
0.526316 0.157895 1.474322
0.526316 0.210526 1.612115
0.526316 0.263158 1.733211
0.526316 0.315789 1.834307
0.526316 0.368421 1.912645
0.526316 0.421053 1.966089
0.526316 0.473684 1.993181
0.526316 0.526316 1.993181
0.526316 0.578947 1.966089
0.526316 0.631579 1.912645
0.526316 0.684211 1.834307
0.526316 0.736842 1.733211
0.526316 0.789474 1.612115
0.526316 0.842105 1.474322
0.526316 0.894737 1.323590
0.526316 0.947368 1.164032
0.526316 1.000000 1.000000

0.578947 0.000000 1.000000
0.578947 0.052632 1.159558
0.578947 0.105263 1.314764
0.578947 0.157895 1.461384
0.578947 0.210526 1.595418
0.578947 0.263158 1.713211
0.578947 0.315789 1.811549
0.578947 0.368421 1.887751
0.578947 0.421053 1.939737
0.578947 0.473684 1.966089
0.578947 0.526316 1.966089
0.578947 0.578947 1.939737
0.578947 0.631579 1.887751
0.578947 0.684211 1.811549
0.578947 0.736842 1.713211
0.578947 0.789474 1.595418
0.578947 0.842105 1.461384
0.578947 0.894737 1.314764
0.578947 0.947368 1.159558
0.578947 1.000000 1.000000

0.631579 0.000000 1.000000
0.631579 0.052632 1.150731
0.631579 0.105263 1.297351
0.631579 0.157895 1.435860
0.631579 0.210526 1.562480
0.631579 0.263158 1.673756
0.631579 0.315789 1.766655
0.631579 0.368421 1.838641
0.631579 0.421053 1.887751
0.631579 0.473684 1.912645
0.631579 0.526316 1.912645
0.631579 0.578947 1.887751
0.631579 0.631579 1.838641
0.631579 0.684211 1.766655
0.631579 0.736842 1.673756
0.631579 0.789474 1.562480
0.631579 0.842105 1.435860
0.631579 0.894737 1.297351
0.631579 0.947368 1.150731
0.631579 1.000000 1.000000

0.684211 0.000000 1.000000
0.684211 0.052632 1.137793
0.684211 0.105263 1.271828
0.684211 0.157895 1.398447
0.684211 0.210526 1.514198
0.684211 0.263158 1.615923
0.684211 0.315789 1.700848
0.684211 0.368421 1.766655
0.684211 0.421053 1.811549
0.684211 0.473684 1.834307
0.684211 0.526316 1.834307
0.684211 0.578947 1.811549
0.684211 0.631579 1.766655
0.684211 0.684211 1.700848
0.684211 0.736842 1.615923
0.684211 0.789474 1.514198
0.684211 0.842105 1.398447
0.684211 0.894737 1.271828
0.684211 0.947368 1.137793
0.684211 1.000000 1.000000

0.736842 0.000000 1.000000
0.736842 0.052632 1.121096
0.736842 0.105263 1.238889
0.736842 0.157895 1.350166
0.736842 0.210526 1.451891
0.736842 0.263158 1.541290
0.736842 0.315789 1.615923
0.736842 0.368421 1.673756
0.736842 0.421053 1.713211
0.736842 0.473684 1.733211
0.736842 0.526316 1.733211
0.736842 0.578947 1.713211
0.736842 0.631579 1.673756
0.736842 0.684211 1.615923
0.736842 0.736842 1.541290
0.736842 0.789474 1.451891
0.736842 0.842105 1.350166
0.736842 0.894737 1.238889
0.736842 0.947368 1.121096
0.736842 1.000000 1.000000

0.789474 0.000000 1.000000
0.789474 0.052632 1.101096
0.789474 0.105263 1.199435
0.789474 0.157895 1.292333
0.789474 0.210526 1.377257
0.789474 0.263158 1.451891
0.789474 0.315789 1.514198
0.789474 0.368421 1.562480
0.789474 0.421053 1.595418
0.789474 0.473684 1.612115
0.789474 0.526316 1.612115
0.789474 0.578947 1.595418
0.789474 0.631579 1.562480
0.789474 0.684211 1.514198
0.789474 0.736842 1.451891
0.789474 0.789474 1.377257
0.789474 0.842105 1.292333
0.789474 0.894737 1.199435
0.789474 0.947368 1.101096
0.789474 1.000000 1.000000

0.842105 0.000000 1.000000
0.842105 0.052632 1.078338
0.842105 0.105263 1.154540
0.842105 0.157895 1.226526
0.842105 0.210526 1.292333
0.842105 0.263158 1.350166
0.842105 0.315789 1.398447
0.842105 0.368421 1.435860
0.842105 0.421053 1.461384
0.842105 0.473684 1.474322
0.842105 0.526316 1.474322
0.842105 0.578947 1.461384
0.842105 0.631579 1.435860
0.842105 0.684211 1.398447
0.842105 0.736842 1.350166
0.842105 0.789474 1.292333
0.842105 0.842105 1.226526
0.842105 0.894737 1.154540
0.842105 0.947368 1.078338
0.842105 1.000000 1.000000

0.894737 0.000000 1.000000
0.894737 0.052632 1.053444
0.894737 0.105263 1.105430
0.894737 0.157895 1.154540
0.894737 0.210526 1.199435
0.894737 0.263158 1.238889
0.894737 0.315789 1.271828
0.894737 0.368421 1.297351
0.894737 0.421053 1.314764
0.894737 0.473684 1.323590
0.894737 0.526316 1.323590
0.894737 0.578947 1.314764
0.894737 0.631579 1.297351
0.894737 0.684211 1.271828
0.894737 0.736842 1.238889
0.894737 0.789474 1.199435
0.894737 0.842105 1.154540
0.894737 0.894737 1.105430
0.894737 0.947368 1.053444
0.894737 1.000000 1.000000

0.947368 0.000000 1.000000
0.947368 0.052632 1.027091
0.947368 0.105263 1.053444
0.947368 0.157895 1.078338
0.947368 0.210526 1.101096
0.947368 0.263158 1.121096
0.947368 0.315789 1.137793
0.947368 0.368421 1.150731
0.947368 0.421053 1.159558
0.947368 0.473684 1.164032
0.947368 0.526316 1.164032
0.947368 0.578947 1.159558
0.947368 0.631579 1.150731
0.947368 0.684211 1.137793
0.947368 0.736842 1.121096
0.947368 0.789474 1.101096
0.947368 0.842105 1.078338
0.947368 0.894737 1.053444
0.947368 0.947368 1.027091
0.947368 1.000000 1.000000

1.000000 0.000000 1.000000
1.000000 0.052632 1.000000
1.000000 0.105263 1.000000
1.000000 0.157895 1.000000
1.000000 0.210526 1.000000
1.000000 0.263158 1.000000
1.000000 0.315789 1.000000
1.000000 0.368421 1.000000
1.000000 0.421053 1.000000
1.000000 0.473684 1.000000
1.000000 0.526316 1.000000
1.000000 0.578947 1.000000
1.000000 0.631579 1.000000
1.000000 0.684211 1.000000
1.000000 0.736842 1.000000
1.000000 0.789474 1.000000
1.000000 0.842105 1.000000
1.000000 0.894737 1.000000
1.000000 0.947368 1.000000
1.000000 1.000000 1.000000

