0.000000 0.000000 0.000000
0.000000 0.052632 0.000000
0.000000 0.105263 0.000000
0.000000 0.157895 0.000000
0.000000 0.210526 0.000000
0.000000 0.263158 0.000000
0.000000 0.315789 0.000000
0.000000 0.368421 0.000000
0.000000 0.421053 0.000000
0.000000 0.473684 0.000000
0.000000 0.526316 0.000000
0.000000 0.578947 0.000000
0.000000 0.631579 0.000000
0.000000 0.684211 0.000000
0.000000 0.736842 0.000000
0.000000 0.789474 0.000000
0.000000 0.842105 0.000000
0.000000 0.894737 0.000000
0.000000 0.947368 0.000000
0.000000 1.000000 0.000000

0.052632 0.000000 0.000000
0.052632 0.052632 0.006819
0.052632 0.105263 0.013592
0.052632 0.157895 0.020272
0.052632 0.210526 0.026813
0.052632 0.263158 0.033172
0.052632 0.315789 0.039303
0.052632 0.368421 0.045167
0.052632 0.421053 0.050721
0.052632 0.473684 0.055929
0.052632 0.526316 0.060756
0.052632 0.578947 0.065167
0.052632 0.631579 0.069133
0.052632 0.684211 0.072626
0.052632 0.736842 0.075624
0.052632 0.789474 0.078105
0.052632 0.842105 0.080052
0.052632 0.894737 0.081453
0.052632 0.947368 0.082297
0.052632 1.000000 0.082579

0.105263 0.000000 0.000000
0.105263 0.052632 0.013592
0.105263 0.105263 0.027091
0.105263 0.157895 0.040406
0.105263 0.210526 0.053444
0.105263 0.263158 0.066117
0.105263 0.315789 0.078338
0.105263 0.368421 0.090025
0.105263 0.421053 0.101096
0.105263 0.473684 0.111477
0.105263 0.526316 0.121096
0.105263 0.578947 0.129888
0.105263 0.631579 0.137793
0.105263 0.684211 0.144757
0.105263 0.736842 0.150731
0.105263 0.789474 0.155676
0.105263 0.842105 0.159558
0.105263 0.894737 0.162350
0.105263 0.947368 0.164032
0.105263 1.000000 0.164595

0.157895 0.000000 0.000000
0.157895 0.052632 0.020272
0.157895 0.105263 0.040406
0.157895 0.157895 0.060263
0.157895 0.210526 0.079709
0.157895 0.263158 0.098610
0.157895 0.315789 0.116838
0.157895 0.368421 0.134268
0.157895 0.421053 0.150780
0.157895 0.473684 0.166263
0.157895 0.526316 0.180610
0.157895 0.578947 0.193723
0.157895 0.631579 0.205512
0.157895 0.684211 0.215898
0.157895 0.736842 0.224809
0.157895 0.789474 0.232184
0.157895 0.842105 0.237974
0.157895 0.894737 0.242137
0.157895 0.947368 0.244647
0.157895 1.000000 0.245485

0.210526 0.000000 0.000000
0.210526 0.052632 0.026813
0.210526 0.105263 0.053444
0.210526 0.157895 0.079709
0.210526 0.210526 0.105430
0.210526 0.263158 0.130430
0.210526 0.315789 0.154540
0.210526 0.368421 0.177594
0.210526 0.421053 0.199435
0.210526 0.473684 0.219913
0.210526 0.526316 0.238889
0.210526 0.578947 0.256234
0.210526 0.631579 0.271828
0.210526 0.684211 0.285565
0.210526 0.736842 0.297351
0.210526 0.789474 0.307106
0.210526 0.842105 0.314764
0.210526 0.894737 0.320271
0.210526 0.947368 0.323590
0.210526 1.000000 0.324699

0.263158 0.000000 0.000000
0.263158 0.052632 0.033172
0.263158 0.105263 0.066117
0.263158 0.157895 0.098610
0.263158 0.210526 0.130430
0.263158 0.263158 0.161359
0.263158 0.315789 0.191186
0.263158 0.368421 0.219707
0.263158 0.421053 0.246726
0.263158 0.473684 0.272061
0.263158 0.526316 0.295537
0.263158 0.578947 0.316994
0.263158 0.631579 0.336286
0.263158 0.684211 0.353281
0.263158 0.736842 0.367862
0.263158 0.789474 0.379930
0.263158 0.842105 0.389404
0.263158 0.894737 0.396217
0.263158 0.947368 0.400323
0.263158 1.000000 0.401695

0.315789 0.000000 0.000000
0.315789 0.052632 0.039303
0.315789 0.105263 0.078338
0.315789 0.157895 0.116838
0.315789 0.210526 0.154540
0.315789 0.263158 0.191186
0.315789 0.315789 0.226526
0.315789 0.368421 0.260319
0.315789 0.421053 0.292333
0.315789 0.473684 0.322350
0.315789 0.526316 0.350166
0.315789 0.578947 0.375589
0.315789 0.631579 0.398447
0.315789 0.684211 0.418583
0.315789 0.736842 0.435860
0.315789 0.789474 0.450159
0.315789 0.842105 0.461384
0.315789 0.894737 0.469456
0.315789 0.947368 0.474322
0.315789 1.000000 0.475947

0.368421 0.000000 0.000000
0.368421 0.052632 0.045167
0.368421 0.105263 0.090025
0.368421 0.157895 0.134268
0.368421 0.210526 0.177594
0.368421 0.263158 0.219707
0.368421 0.315789 0.260319
0.368421 0.368421 0.299152
0.368421 0.421053 0.335943
0.368421 0.473684 0.370438
0.368421 0.526316 0.402403
0.368421 0.578947 0.431619
0.368421 0.631579 0.457887
0.368421 0.684211 0.481027
0.368421 0.736842 0.500881
0.368421 0.789474 0.517313
0.368421 0.842105 0.530212
0.368421 0.894737 0.539488
0.368421 0.947368 0.545080
0.368421 1.000000 0.546948

0.421053 0.000000 0.000000
0.421053 0.052632 0.050721
0.421053 0.105263 0.101096
0.421053 0.157895 0.150780
0.421053 0.210526 0.199435
0.421053 0.263158 0.246726
0.421053 0.315789 0.292333
0.421053 0.368421 0.335943
0.421053 0.421053 0.377257
0.421053 0.473684 0.415995
0.421053 0.526316 0.451891
0.421053 0.578947 0.484700
0.421053 0.631579 0.514198
0.421053 0.684211 0.540184
0.421053 0.736842 0.562480
0.421053 0.789474 0.580933
0.421053 0.842105 0.595418
0.421053 0.894737 0.605836
0.421053 0.947368 0.612115
0.421053 1.000000 0.614213

0.473684 0.000000 0.000000
0.473684 0.052632 0.055929
0.473684 0.105263 0.111477
0.473684 0.157895 0.166263
0.473684 0.210526 0.219913
0.473684 0.263158 0.272061
0.473684 0.315789 0.322350
0.473684 0.368421 0.370438
0.473684 0.421053 0.415995
0.473684 0.473684 0.458710
0.473684 0.526316 0.498292
0.473684 0.578947 0.534470
0.473684 0.631579 0.566997
0.473684 0.684211 0.595651
0.473684 0.736842 0.620236
0.473684 0.789474 0.640585
0.473684 0.842105 0.656557
0.473684 0.894737 0.668044
0.473684 0.947368 0.674968
0.473684 1.000000 0.677282

0.526316 0.000000 0.000000
0.526316 0.052632 0.060756
0.526316 0.105263 0.121096
0.526316 0.157895 0.180610
0.526316 0.210526 0.238889
0.526316 0.263158 0.295537
0.526316 0.315789 0.350166
0.526316 0.368421 0.402403
0.526316 0.421053 0.451891
0.526316 0.473684 0.498292
0.526316 0.526316 0.541290
0.526316 0.578947 0.580590
0.526316 0.631579 0.615923
0.526316 0.684211 0.647050
0.526316 0.736842 0.673756
0.526316 0.789474 0.695860
0.526316 0.842105 0.713211
0.526316 0.894737 0.725690
0.526316 0.947368 0.733211
0.526316 1.000000 0.735724

0.578947 0.000000 0.000000
0.578947 0.052632 0.065167
0.578947 0.105263 0.129888
0.578947 0.157895 0.193723
0.578947 0.210526 0.256234
0.578947 0.263158 0.316994
0.578947 0.315789 0.375589
0.578947 0.368421 0.431619
0.578947 0.421053 0.484700
0.578947 0.473684 0.534470
0.578947 0.526316 0.580590
0.578947 0.578947 0.622743
0.578947 0.631579 0.660642
0.578947 0.684211 0.694028
0.578947 0.736842 0.722674
0.578947 0.789474 0.746383
0.578947 0.842105 0.764993
0.578947 0.894737 0.778378
0.578947 0.947368 0.786445
0.578947 1.000000 0.789141

0.631579 0.000000 0.000000
0.631579 0.052632 0.069133
0.631579 0.105263 0.137793
0.631579 0.157895 0.205512
0.631579 0.210526 0.271828
0.631579 0.263158 0.336286
0.631579 0.315789 0.398447
0.631579 0.368421 0.457887
0.631579 0.421053 0.514198
0.631579 0.473684 0.566997
0.631579 0.526316 0.615923
0.631579 0.578947 0.660642
0.631579 0.631579 0.700848
0.631579 0.684211 0.736266
0.631579 0.736842 0.766655
0.631579 0.789474 0.791806
0.631579 0.842105 0.811549
0.631579 0.894737 0.825749
0.631579 0.947368 0.834307
0.631579 1.000000 0.837166

0.684211 0.000000 0.000000
0.684211 0.052632 0.072626
0.684211 0.105263 0.144757
0.684211 0.157895 0.215898
0.684211 0.210526 0.285565
0.684211 0.263158 0.353281
0.684211 0.315789 0.418583
0.684211 0.368421 0.481027
0.684211 0.421053 0.540184
0.684211 0.473684 0.595651
0.684211 0.526316 0.647050
0.684211 0.578947 0.694028
0.684211 0.631579 0.736266
0.684211 0.684211 0.773474
0.684211 0.736842 0.805399
0.684211 0.789474 0.831821
0.684211 0.842105 0.852562
0.684211 0.894737 0.867479
0.684211 0.947368 0.876470
0.684211 1.000000 0.879474

0.736842 0.000000 0.000000
0.736842 0.052632 0.075624
0.736842 0.105263 0.150731
0.736842 0.157895 0.224809
0.736842 0.210526 0.297351
0.736842 0.263158 0.367862
0.736842 0.315789 0.435860
0.736842 0.368421 0.500881
0.736842 0.421053 0.562480
0.736842 0.473684 0.620236
0.736842 0.526316 0.673756
0.736842 0.578947 0.722674
0.736842 0.631579 0.766655
0.736842 0.684211 0.805399
0.736842 0.736842 0.838641
0.736842 0.789474 0.866154
0.736842 0.842105 0.887751
0.736842 0.894737 0.903283
0.736842 0.947368 0.912645
0.736842 1.000000 0.915773

0.789474 0.000000 0.000000
0.789474 0.052632 0.078105
0.789474 0.105263 0.155676
0.789474 0.157895 0.232184
0.789474 0.210526 0.307106
0.789474 0.263158 0.379930
0.789474 0.315789 0.450159
0.789474 0.368421 0.517313
0.789474 0.421053 0.580933
0.789474 0.473684 0.640585
0.789474 0.526316 0.695860
0.789474 0.578947 0.746383
0.789474 0.631579 0.791806
0.789474 0.684211 0.831821
0.789474 0.736842 0.866154
0.789474 0.789474 0.894570
0.789474 0.842105 0.916875
0.789474 0.894737 0.932918
0.789474 0.947368 0.942587
0.789474 1.000000 0.945817

0.842105 0.000000 0.000000
0.842105 0.052632 0.080052
0.842105 0.105263 0.159558
0.842105 0.157895 0.237974
0.842105 0.210526 0.314764
0.842105 0.263158 0.389404
0.842105 0.315789 0.461384
0.842105 0.368421 0.530212
0.842105 0.421053 0.595418
0.842105 0.473684 0.656557
0.842105 0.526316 0.713211
0.842105 0.578947 0.764993
0.842105 0.631579 0.811549
0.842105 0.684211 0.852562
0.842105 0.736842 0.887751
0.842105 0.789474 0.916875
0.842105 0.842105 0.939737
0.842105 0.894737 0.956179
0.842105 0.947368 0.966089
0.842105 1.000000 0.969400

0.894737 0.000000 0.000000
0.894737 0.052632 0.081453
0.894737 0.105263 0.162350
0.894737 0.157895 0.242137
0.894737 0.210526 0.320271
0.894737 0.263158 0.396217
0.894737 0.315789 0.469456
0.894737 0.368421 0.539488
0.894737 0.421053 0.605836
0.894737 0.473684 0.668044
0.894737 0.526316 0.725690
0.894737 0.578947 0.778378
0.894737 0.631579 0.825749
0.894737 0.684211 0.867479
0.894737 0.736842 0.903283
0.894737 0.789474 0.932918
0.894737 0.842105 0.956179
0.894737 0.894737 0.972909
0.894737 0.947368 0.982992
0.894737 1.000000 0.986361

0.947368 0.000000 0.000000
0.947368 0.052632 0.082297
0.947368 0.105263 0.164032
0.947368 0.157895 0.244647
0.947368 0.210526 0.323590
0.947368 0.263158 0.400323
0.947368 0.315789 0.474322
0.947368 0.368421 0.545080
0.947368 0.421053 0.612115
0.947368 0.473684 0.674968
0.947368 0.526316 0.733211
0.947368 0.578947 0.786445
0.947368 0.631579 0.834307
0.947368 0.684211 0.876470
0.947368 0.736842 0.912645
0.947368 0.789474 0.942587
0.947368 0.842105 0.966089
0.947368 0.894737 0.982992
0.947368 0.947368 0.993181
0.947368 1.000000 0.996584

1.000000 0.000000 0.000000
1.000000 0.052632 0.082579
1.000000 0.105263 0.164595
1.000000 0.157895 0.245485
1.000000 0.210526 0.324699
1.000000 0.263158 0.401695
1.000000 0.315789 0.475947
1.000000 0.368421 0.546948
1.000000 0.421053 0.614213
1.000000 0.473684 0.677282
1.000000 0.526316 0.735724
1.000000 0.578947 0.789141
1.000000 0.631579 0.837166
1.000000 0.684211 0.879474
1.000000 0.736842 0.915773
1.000000 0.789474 0.945817
1.000000 0.842105 0.969400
1.000000 0.894737 0.986361
1.000000 0.947368 0.996584
1.000000 1.000000 1.000000

