1.000000000000 0.068227357946
2.000000000000 0.020722416798
3.000000000000 0.013049933915
4.000000000000 0.011307772003
5.000000000000 0.008293533596
6.000000000000 0.008861164031
7.000000000000 0.008141312318
8.000000000000 0.008185840815
9.000000000000 0.007660103907
10.000000000000 0.007420094678
11.000000000000 0.006292810641
12.000000000000 0.008755051671
13.000000000000 0.005325722085
14.000000000000 0.006664730566
15.000000000000 0.005056743106
16.000000000000 0.006640228295
17.000000000000 0.005331408764
18.000000000000 0.006260671361
19.000000000000 0.005508889921
20.000000000000 0.005929542189
21.000000000000 0.005567730187
22.000000000000 0.005561739830
23.000000000000 0.005645524447
24.000000000000 0.005279817976
25.000000000000 0.005598102658
26.000000000000 0.005040205873
27.000000000000 0.005562470595
28.000000000000 0.004872634841
29.000000000000 0.005478987776
30.000000000000 0.004706198461
31.000000000000 0.005429920877
32.000000000000 0.004584175378
33.000000000000 0.005323950618
34.000000000000 0.004443969880
35.000000000000 0.005243469000
36.000000000000 0.004377038324
37.000000000000 0.005087939312
38.000000000000 0.004318567046
39.000000000000 0.004951402782
40.000000000000 0.004299673957
41.000000000000 0.004763266680
42.000000000000 0.004288673187
43.000000000000 0.004611660102
44.000000000000 0.004275745540
45.000000000000 0.004426183431
46.000000000000 0.004274504912
47.000000000000 0.004276256804
48.000000000000 0.004245996018
49.000000000000 0.004092188679
50.000000000000 0.004245000041
51.000000000000 0.003941986515
52.000000000000 0.004182335174
53.000000000000 0.003776877518
54.000000000000 0.004143456202
55.000000000000 0.003661253560
56.000000000000 0.004083352857
57.000000000000 0.003547014867
58.000000000000 0.004052637774
59.000000000000 0.003474542932
60.000000000000 0.004007687190
61.000000000000 0.003390596972
62.000000000000 0.003966002464
63.000000000000 0.003335445858
64.000000000000 0.003908672907
65.000000000000 0.003273629843
66.000000000000 0.003838037730
67.000000000000 0.003244580258
68.000000000000 0.003754516895
69.000000000000 0.003230458076
70.000000000000 0.003646706035
71.000000000000 0.003234376757
72.000000000000 0.003529533420
73.000000000000 0.003243612264
74.000000000000 0.003399541487
75.000000000000 0.003231184088
76.000000000000 0.003271544897
77.000000000000 0.003222897671
78.000000000000 0.003144437354
79.000000000000 0.003197867832
80.000000000000 0.003018870861
81.000000000000 0.003161434455
82.000000000000 0.002898039253
83.000000000000 0.003104513411
84.000000000000 0.002787228833
85.000000000000 0.003046291591
86.000000000000 0.002692081042
87.000000000000 0.002986124768
88.000000000000 0.002616493898
89.000000000000 0.002932171847
90.000000000000 0.002561922660
91.000000000000 0.002885079091
92.000000000000 0.002526071907
93.000000000000 0.002845094806
94.000000000000 0.002504166929
95.000000000000 0.002809358733
96.000000000000 0.002491827026
97.000000000000 0.002775141422
98.000000000000 0.002485972498
99.000000000000 0.002740017634
100.000000000000 0.002485015235
101.000000000000 0.002702721508
102.000000000000 0.002487268069
103.000000000000 0.002662631342
104.000000000000 0.002490796540
105.000000000000 0.002619646394
106.000000000000 0.002493121974
107.000000000000 0.002573777597
108.000000000000 0.002492066207
109.000000000000 0.002525101440
110.000000000000 0.002485993011
111.000000000000 0.002473714894
112.000000000000 0.002474191114
113.000000000000 0.002419882135
114.000000000000 0.002456741810
115.000000000000 0.002364126189
116.000000000000 0.002434417656
117.000000000000 0.002307320500
118.000000000000 0.002408457702
119.000000000000 0.002250699177
120.000000000000 0.002380401642
121.000000000000 0.002195809887
122.000000000000 0.002351903578
123.000000000000 0.002144373765
124.000000000000 0.002324547519
125.000000000000 0.002098055136
126.000000000000 0.002299651737
127.000000000000 0.002058169021
128.000000000000 0.002278100316
129.000000000000 0.002025416052
130.000000000000 0.002260238152
131.000000000000 0.001999757507
132.000000000000 0.002245864604
133.000000000000 0.001980503757
134.000000000000 0.002234339435
135.000000000000 0.001966590731
136.000000000000 0.002224778408
137.000000000000 0.001956923568
138.000000000000 0.002216269312
139.000000000000 0.001950639205
140.000000000000 0.002208029826
141.000000000000 0.001947197427
142.000000000000 0.002199471451
143.000000000000 0.001946303381
144.000000000000 0.002190187279
145.000000000000 0.001947733178
146.000000000000 0.002179903908
147.000000000000 0.001951156899
148.000000000000 0.002168430310
149.000000000000 0.001956036793
150.000000000000 0.002155619372
151.000000000000 0.001961633998
152.000000000000 0.002141345816
153.000000000000 0.001967103846
154.000000000000 0.002125498851
155.000000000000 0.001971626112
156.000000000000 0.002107985963
157.000000000000 0.001974517385
158.000000000000 0.002088743316
159.000000000000 0.001975297334
160.000000000000 0.002067748208
161.000000000000 0.001973707206
162.000000000000 0.002045030267
163.000000000000 0.001969694213
164.000000000000 0.002020679940
165.000000000000 0.001963378487
166.000000000000 0.001994854320
167.000000000000 0.001955015255
168.000000000000 0.001967780926
169.000000000000 0.001944958923
170.000000000000 0.001939759702
171.000000000000 0.001933630813
172.000000000000 0.001911162570
173.000000000000 0.001921489617
174.000000000000 0.001882428773
175.000000000000 0.001909003008
176.000000000000 0.001854053463
177.000000000000 0.001896619915
178.000000000000 0.001826567086
179.000000000000 0.001884744688
180.000000000000 0.001800504502
181.000000000000 0.001873715773
182.000000000000 0.001776365579
183.000000000000 0.001863791534
184.000000000000 0.001754572662
185.000000000000 0.001855144501
186.000000000000 0.001735433413
187.000000000000 0.001847863550
188.000000000000 0.001719118362
189.000000000000 0.001841962494
190.000000000000 0.001705659831
191.000000000000 0.001837393568
192.000000000000 0.001694972910
193.000000000000 0.001834064256
194.000000000000 0.001686891907
195.000000000000 0.001831855202
196.000000000000 0.001681210551
197.000000000000 0.001830636023
198.000000000000 0.001677713909
199.000000000000 0.001830276085
200.000000000000 0.001676194699
201.000000000000 0.001830649027
202.000000000000 0.001676453721
203.000000000000 0.001831631988
204.000000000000 0.001678289885
205.000000000000 0.001833101895
206.000000000000 0.001681487696
207.000000000000 0.001834931413
208.000000000000 0.001685809002
209.000000000000 0.001836986407
210.000000000000 0.001690992637
211.000000000000 0.001839125832
212.000000000000 0.001696762054
213.000000000000 0.001841204089
214.000000000000 0.001702838350
215.000000000000 0.001843075292
216.000000000000 0.001708955048
217.000000000000 0.001844598603
218.000000000000 0.001714871321
219.000000000000 0.001845643723
220.000000000000 0.001720381560
221.000000000000 0.001846095749
222.000000000000 0.001725320557
223.000000000000 0.001845858830
224.000000000000 0.001729564645
225.000000000000 0.001844858368
226.000000000000 0.001733029678
227.000000000000 0.001843041736
228.000000000000 0.001735666969
229.000000000000 0.001840377709
230.000000000000 0.001737458150
231.000000000000 0.001836854905
232.000000000000 0.001738409731
233.000000000000 0.001832479584
234.000000000000 0.001738547870
235.000000000000 0.001827273102
236.000000000000 0.001737913668
237.000000000000 0.001821269302
238.000000000000 0.001736559121
239.000000000000 0.001814512001
240.000000000000 0.001734543762
241.000000000000 0.001807052721
242.000000000000 0.001731931954
243.000000000000 0.001798948701
244.000000000000 0.001728790765
245.000000000000 0.001790261224
246.000000000000 0.001725188323
247.000000000000 0.001781054239
248.000000000000 0.001721192575
249.000000000000 0.001771393251
250.000000000000 0.001716870350
251.000000000000 0.001761344439
252.000000000000 0.001712286670
253.000000000000 0.001750973957
254.000000000000 0.001707504242
255.000000000000 0.001740347386
256.000000000000 0.001702583075
257.000000000000 0.001729529283
258.000000000000 0.001697580194
259.000000000000 0.001718582817
260.000000000000 0.001692549425
261.000000000000 0.001707569446
262.000000000000 0.001687541218
263.000000000000 0.001696548625
264.000000000000 0.001682602506
265.000000000000 0.001685577522
266.000000000000 0.001677776595
267.000000000000 0.001674710744
268.000000000000 0.001673103061
269.000000000000 0.001664000053
270.000000000000 0.001668617686
271.000000000000 0.001653494083
272.000000000000 0.001664352403
273.000000000000 0.001643238056
274.000000000000 0.001660335271
275.000000000000 0.001633273515
276.000000000000 0.001656590481
277.000000000000 0.001623638068
278.000000000000 0.001653138393
279.000000000000 0.001614365180
280.000000000000 0.001649995610
281.000000000000 0.001605484006
282.000000000000 0.001647175083
283.000000000000 0.001597019294
284.000000000000 0.001644686266
285.000000000000 0.001588991359
286.000000000000 0.001642535298
287.000000000000 0.001581416138
288.000000000000 0.001640725223
289.000000000000 0.001574305335
290.000000000000 0.001639256245
291.000000000000 0.001567666641
292.000000000000 0.001638126001
293.000000000000 0.001561504030
294.000000000000 0.001637329856
295.000000000000 0.001555818108
296.000000000000 0.001636861206
297.000000000000 0.001550606512
298.000000000000 0.001636711784
299.000000000000 0.001545864325
300.000000000000 0.001636871954
301.000000000000 0.001541584495
302.000000000000 0.001637330989
303.000000000000 0.001537758244
304.000000000000 0.001638077333
305.000000000000 0.001534375434
306.000000000000 0.001639098820
307.000000000000 0.001531424908
308.000000000000 0.001640382878
309.000000000000 0.001528894763
310.000000000000 0.001641916684
311.000000000000 0.001526772579
312.000000000000 0.001643687297
313.000000000000 0.001525045592
314.000000000000 0.001645681756
315.000000000000 0.001523700811
316.000000000000 0.001647887145
317.000000000000 0.001522725094
318.000000000000 0.001650290644
319.000000000000 0.001522105185
320.000000000000 0.001652879551
321.000000000000 0.001521827721
322.000000000000 0.001655641293
323.000000000000 0.001521879214
324.000000000000 0.001658563429
325.000000000000 0.001522246025
326.000000000000 0.001661633642
327.000000000000 0.001522914325
328.000000000000 0.001664839730
329.000000000000 0.001523870060
330.000000000000 0.001668169601
331.000000000000 0.001525098924
332.000000000000 0.001671611263
333.000000000000 0.001526586333
334.000000000000 0.001675152826
335.000000000000 0.001528317416
336.000000000000 0.001678782508
337.000000000000 0.001530277023
338.000000000000 0.001682488644
339.000000000000 0.001532449738
340.000000000000 0.001686259706
341.000000000000 0.001534819917
342.000000000000 0.001690084325
343.000000000000 0.001537371737
344.000000000000 0.001693951327
345.000000000000 0.001540089249
346.000000000000 0.001697849759
347.000000000000 0.001542956455
348.000000000000 0.001701768935
349.000000000000 0.001545957383
350.000000000000 0.001705698474
