0 0
0.049962008520 0.012344310594
0.130282120683 0.004492760849
0.186231810492 0.003017886258
0.235158111528 0.002287535959
0.280330395320 0.001765486331
0.322927419742 0.001348931505
0.363801089161 0.001008346863
0.403493015596 0.000695446748
0.442418748110 0.000412000409
0.480906153829 0.000135836118
0.519251713622 -0.000135090816
0.557737543281 -0.000408151987
0.596655284674 -0.000697450966
0.636342508283 -0.001001524231
0.677200351471 -0.001352835082
0.719789564040 -0.001756274095
0.764938127252 -0.002291903414
0.813853240761 -0.003007278752
0.869769140270 -0.004494660790
0.950068991151 -0.012328663131
1 0
