0.000000000000 -0.000949436786
0.500000476838 -1.309962708335
0.750000715256 -0.477936430730
0.875000834466 -0.142800576946
0.937500894071 -0.043730420283
0.968750923873 -0.014714719229
0.984375938774 -0.005555073876
0.992188446225 -0.002326047536
0.996094699950 -0.001050094023
0.998047826813 -0.000496810988
0.999024390244 -0.000241346264
0.999512671960 -0.000118908311
0.999756812817 -0.000059012949
0.999878883246 -0.000029396173
0.999939918461 -0.000014670511
0.999970436068 -0.000007328362
0.999985694872 -0.000003662457
0.999993324273 -0.000001830798
0.999997138974 -0.000000915291
0.999999046325 -0.000000457619
1.000000000000 -0.000000152535
