   0           0
   2.5000e-02  -5.1515e-05
   7.5000e-02  -2.4752e-02
   1.2500e-01  -7.3446e-02
   1.7500e-01  -1.4493e-01
   2.2500e-01  -2.3746e-01
   2.7500e-01  -3.4875e-01
   3.2500e-01  -4.7607e-01
   3.7500e-01  -6.1627e-01
   4.2500e-01  -7.6592e-01
   4.7500e-01  -9.2133e-01
   5.2500e-01  -1.0787e+00
   5.7500e-01  -1.2341e+00
   6.2500e-01  -1.3837e+00
   6.7500e-01  -1.5239e+00
   7.2500e-01  -1.6512e+00
   7.7500e-01  -1.7625e+00
   8.2500e-01  -1.8551e+00
   8.7500e-01  -1.9266e+00
   9.2500e-01  -1.9752e+00
   9.7500e-01  -1.9999e+00
   1           -2