0.037500000000 0.000125890860
0.062500000000 0.000124333727
0.087500000000 0.000122010035
0.112500000000 0.000118934111
0.137500000000 0.000115124919
0.162500000000 0.000110605943
0.187500000000 0.000105405044
0.212500000000 0.000099554289
0.237500000000 0.000093089748
0.262500000000 0.000086051278
0.287500000000 0.000078482273
0.312500000000 0.000070429399
0.337500000000 0.000061942304
0.362500000000 0.000053073314
0.387500000000 0.000043877110
0.412500000000 0.000034410389
0.437500000000 0.000024731516
0.462500000000 0.000014900165
0.487500000000 0.000004976950
0.512500000000 -0.000004976950
0.537500000000 -0.000014900165
0.562500000000 -0.000024731516
0.587500000000 -0.000034410389
0.612500000000 -0.000043877110
0.637500000000 -0.000053073314
0.662500000000 -0.000061942304
0.687500000000 -0.000070429399
0.712500000000 -0.000078482273
0.737500000000 -0.000086051278
0.762500000000 -0.000093089748
0.787500000000 -0.000099554289
0.812500000000 -0.000105405044
0.837500000000 -0.000110605943
0.862500000000 -0.000115124919
0.887500000000 -0.000118934111
0.912500000000 -0.000122010035
0.937500000000 -0.000124333727
0.962500000000 -0.000125890860
