0 0
0.017611598255 0.001416138732
0.061460099478 0.002964334191
0.109699696498 0.001606165820
0.159604311209 0.002490673341
0.205903252524 0.000228024420
0.251623316428 0.001290697578
0.294757527754 -0.000752504245
0.343679343449 0.000979716180
0.400277194540 -0.000803056476
0.477161710145 0.000317838643
0.580552773945 -0.001965831474
0.645823111649 0.001293348474
0.688083895051 -0.000368323951
0.727765277462 0.000955486128
0.765489852125 -0.001002791807
0.806850759923 0.000002729604
0.849386578811 -0.002155401974
0.896149416479 -0.001353188405
0.941706016183 -0.002674832737
0.983351039461 -0.001258927070
1 0
