0.250000238419 1.866167800717
0.625000596047 -0.533189892311
0.812500774861 -0.031336003528
0.906250864268 0.057566805293
0.953125908972 0.039232908699
0.976563431323 0.020965081633
0.988282192499 0.010652459599
0.994141573087 0.005347511250
0.997071263381 0.002676417006
0.998536108528 0.001338541187
0.999268531102 0.000669312173
0.999634742388 0.000334661282
0.999817848032 0.000167331290
0.999909400854 0.000083665727
0.999955177264 0.000041832873
0.999978065470 0.000020916434
0.999989509573 0.000010458235
0.999995231624 0.000005229079
0.999998092650 0.000002745359
0.999999523162 -0.000000812645
