0.017611598255 0.080274237961
0.061460099478 0.056690217537
0.109699696498 -0.044436529595
0.159604311209 0.066960022158
0.205903252524 -0.072219378416
0.251623316428 0.072172180790
0.294757527754 -0.082638732181
0.343679343449 0.064903339916
0.400277194540 -0.032447982622
0.477161710145 0.022217637913
0.580552773945 -0.058111764843
0.645823111649 0.078184658247
0.688083895051 -0.073574206141
0.727765277462 0.086449469975
0.765489852125 -0.077980420390
0.806850759923 0.075260140410
0.849386578811 -0.068478984491
0.896149416479 0.044679889506
0.941706016183 -0.056386707763
0.983351039461 -0.080614102312
