1.000000000000 0.434355843902
2.000000000000 0.211860280053
3.000000000000 0.164345588533
4.000000000000 0.115597738151
5.000000000000 0.100840876200
6.000000000000 0.078131422148
7.000000000000 0.092997866422
8.000000000000 0.070053398436
9.000000000000 0.073329288970
10.000000000000 0.086514313769
11.000000000000 0.068599133567
12.000000000000 0.102570131015
13.000000000000 0.080009690151
14.000000000000 0.106232369831
15.000000000000 0.089666549668
16.000000000000 0.103985356026
17.000000000000 0.095578359751
18.000000000000 0.105976491892
19.000000000000 0.098335614751
20.000000000000 0.107853929330
21.000000000000 0.100256761698
22.000000000000 0.109115029687
23.000000000000 0.101674997618
24.000000000000 0.109549263607
25.000000000000 0.102015444787
26.000000000000 0.109627884597
27.000000000000 0.101906375583
28.000000000000 0.109592380621
29.000000000000 0.102001156014
30.000000000000 0.110208831046
31.000000000000 0.102374040034
32.000000000000 0.111084537109
33.000000000000 0.102991723612
34.000000000000 0.112837351618
35.000000000000 0.103857731609
36.000000000000 0.114560260087
37.000000000000 0.105112820777
38.000000000000 0.117230534122
39.000000000000 0.106459835673
40.000000000000 0.118338103706
41.000000000000 0.107097698480
42.000000000000 0.118726956480
43.000000000000 0.106923623132
44.000000000000 0.117953241133
45.000000000000 0.106552472761
46.000000000000 0.117792940750
47.000000000000 0.106108913982
48.000000000000 0.117261325019
49.000000000000 0.105871534466
50.000000000000 0.117653044680
51.000000000000 0.105795474389
52.000000000000 0.117111609334
53.000000000000 0.105369740995
54.000000000000 0.116138430068
55.000000000000 0.104543567504
56.000000000000 0.114405420851
57.000000000000 0.103760166706
58.000000000000 0.113173529189
59.000000000000 0.102952292280
60.000000000000 0.111786842189
61.000000000000 0.102471399655
62.000000000000 0.111155998853
63.000000000000 0.101975564860
64.000000000000 0.110353891892
65.000000000000 0.101951587582
66.000000000000 0.110453654556
67.000000000000 0.101920742968
68.000000000000 0.110429813500
69.000000000000 0.102520958589
70.000000000000 0.111467968176
71.000000000000 0.103040666029
72.000000000000 0.112265824763
73.000000000000 0.103632766983
74.000000000000 0.113351752221
75.000000000000 0.103633646378
76.000000000000 0.113501735921
77.000000000000 0.103690369348
78.000000000000 0.113724659153
79.000000000000 0.103604124993
80.000000000000 0.113673309245
81.000000000000 0.103141176962
82.000000000000 0.113234704711
83.000000000000 0.102109826233
84.000000000000 0.112100250970
85.000000000000 0.100765268815
86.000000000000 0.110653959198
87.000000000000 0.099212936610
88.000000000000 0.108982563147
89.000000000000 0.097651281075
90.000000000000 0.107328654901
91.000000000000 0.096214188828
92.000000000000 0.105836211737
93.000000000000 0.095005123480
94.000000000000 0.104632528065
95.000000000000 0.094061833312
96.000000000000 0.103759617844
97.000000000000 0.093392778922
98.000000000000 0.103225037994
99.000000000000 0.092980526806
100.000000000000 0.102993496965
101.000000000000 0.092798164718
102.000000000000 0.103016414750
103.000000000000 0.092799774065
104.000000000000 0.103219892743
105.000000000000 0.092924416995
106.000000000000 0.103518612678
107.000000000000 0.093095490244
108.000000000000 0.103815355435
109.000000000000 0.093233657066
110.000000000000 0.104019166366
111.000000000000 0.093265931888
112.000000000000 0.104052384062
113.000000000000 0.093135917629
114.000000000000 0.103860504472
115.000000000000 0.092807618961
116.000000000000 0.103413244119
117.000000000000 0.092266950473
118.000000000000 0.102705076758
119.000000000000 0.091520300398
120.000000000000 0.101752776767
121.000000000000 0.090592248203
122.000000000000 0.100592881649
123.000000000000 0.089522241250
124.000000000000 0.099277917050
125.000000000000 0.088360360034
126.000000000000 0.097871612845
127.000000000000 0.087161986771
128.000000000000 0.096442731159
129.000000000000 0.085981897619
130.000000000000 0.095058170763
131.000000000000 0.084868807141
132.000000000000 0.093776380736
133.000000000000 0.083861616462
134.000000000000 0.092642519463
135.000000000000 0.082988143133
136.000000000000 0.091686555727
137.000000000000 0.082266177063
138.000000000000 0.090924623736
139.000000000000 0.081705745293
140.000000000000 0.090362442722
141.000000000000 0.081311102819
142.000000000000 0.089998659295
143.000000000000 0.081081413267
144.000000000000 0.089826426682
145.000000000000 0.081009995340
146.000000000000 0.089832952514
147.000000000000 0.081082861145
148.000000000000 0.089998022468
149.000000000000 0.081277689638
150.000000000000 0.090293008376
151.000000000000 0.081564183467
152.000000000000 0.090681499320
153.000000000000 0.081906072858
154.000000000000 0.091121776364
155.000000000000 0.082264271563
156.000000000000 0.091570449603
157.000000000000 0.082600297255
158.000000000000 0.091986186293
159.000000000000 0.082879169552
160.000000000000 0.092332661731
161.000000000000 0.083071389339
162.000000000000 0.092580368165
163.000000000000 0.083153993243
164.000000000000 0.092707367218
165.000000000000 0.083110905384
166.000000000000 0.092699300698
167.000000000000 0.082932865851
168.000000000000 0.092549000972
169.000000000000 0.082617165146
170.000000000000 0.092255957903
171.000000000000 0.082167320951
172.000000000000 0.091825784044
173.000000000000 0.081592738084
174.000000000000 0.091269715845
175.000000000000 0.080908314501
176.000000000000 0.090604111991
177.000000000000 0.080133905956
178.000000000000 0.089849865485
179.000000000000 0.079293548259
180.000000000000 0.089031636492
181.000000000000 0.078414365182
182.000000000000 0.088176839191
183.000000000000 0.077525160527
184.000000000000 0.087314372423
185.000000000000 0.076654788322
186.000000000000 0.086473156129
187.000000000000 0.075830484185
188.000000000000 0.085680602734
189.000000000000 0.075076387102
190.000000000000 0.084961196248
191.000000000000 0.074412459755
192.000000000000 0.084335359099
193.000000000000 0.073853927333
194.000000000000 0.083818747703
195.000000000000 0.073411226336
196.000000000000 0.083422028993
197.000000000000 0.073090332024
198.000000000000 0.083151071837
199.000000000000 0.072893263834
200.000000000000 0.083007391182
201.000000000000 0.072818579123
202.000000000000 0.082988660245
203.000000000000 0.072861744937
204.000000000000 0.083089164603
205.000000000000 0.073015381816
206.000000000000 0.083300169382
207.000000000000 0.073269454870
208.000000000000 0.083610250760
209.000000000000 0.073611517012
210.000000000000 0.084005672599
211.000000000000 0.074027086347
212.000000000000 0.084470868576
213.000000000000 0.074500184383
214.000000000000 0.084989041930
215.000000000000 0.075014002026
216.000000000000 0.085542846306
217.000000000000 0.075551619372
218.000000000000 0.086115081207
219.000000000000 0.076096693339
220.000000000000 0.086689330497
221.000000000000 0.076634040813
222.000000000000 0.087250487359
223.000000000000 0.077150073184
224.000000000000 0.087785134051
225.000000000000 0.077633068685
226.000000000000 0.088281770181
227.000000000000 0.078073293597
228.000000000000 0.088730902940
229.000000000000 0.078462998598
230.000000000000 0.089125024576
231.000000000000 0.078796322761
232.000000000000 0.089458506945
233.000000000000 0.079069137230
234.000000000000 0.089727442117
235.000000000000 0.079278856139
236.000000000000 0.089929453971
237.000000000000 0.079424236183
238.000000000000 0.090063500210
239.000000000000 0.079505180016
240.000000000000 0.090129678682
241.000000000000 0.079522553129
242.000000000000 0.090129046947
243.000000000000 0.079478019477
244.000000000000 0.090063460008
245.000000000000 0.079373897940
246.000000000000 0.089935428206
247.000000000000 0.079213039441
248.000000000000 0.089747995154
249.000000000000 0.078998723246
250.000000000000 0.089504634348
251.000000000000 0.078734570144
252.000000000000 0.089209162288
253.000000000000 0.078424469924
254.000000000000 0.088865665654
255.000000000000 0.078072520530
256.000000000000 0.088478440022
257.000000000000 0.077682976394
258.000000000000 0.088051937721
259.000000000000 0.077260203755
260.000000000000 0.087590722684
261.000000000000 0.076808641022
262.000000000000 0.087099430396
263.000000000000 0.076332762622
264.000000000000 0.086582731414
265.000000000000 0.075837045100
266.000000000000 0.086045297188
267.000000000000 0.075325934551
268.000000000000 0.085491767289
269.000000000000 0.074803814840
270.000000000000 0.084926717438
271.000000000000 0.074274976314
272.000000000000 0.084354628017
273.000000000000 0.073743585049
274.000000000000 0.083779853038
275.000000000000 0.073213652885
276.000000000000 0.083206589798
277.000000000000 0.072689008726
278.000000000000 0.082638849635
279.000000000000 0.072173271735
280.000000000000 0.082080430382
281.000000000000 0.071669827116
282.000000000000 0.081534891214
283.000000000000 0.071181805208
284.000000000000 0.081005530598
285.000000000000 0.070712064547
286.000000000000 0.080495368053
287.000000000000 0.070263179399
288.000000000000 0.080007130269
289.000000000000 0.069837432107
290.000000000000 0.079543242027
291.000000000000 0.069436810363
292.000000000000 0.079105822093
293.000000000000 0.069063009261
294.000000000000 0.078696684067
295.000000000000 0.068717437788
296.000000000000 0.078317341891
297.000000000000 0.068401229190
298.000000000000 0.077969019555
299.000000000000 0.068115254512
300.000000000000 0.077652664301
301.000000000000 0.067860138538
302.000000000000 0.077368962573
303.000000000000 0.067636277306
304.000000000000 0.077118357865
305.000000000000 0.067443856428
306.000000000000 0.076901069648
307.000000000000 0.067282869543
308.000000000000 0.076717112626
309.000000000000 0.067153136299
310.000000000000 0.076566315682
311.000000000000 0.067054319469
312.000000000000 0.076448340008
313.000000000000 0.066985940895
314.000000000000 0.076362696083
315.000000000000 0.066947396111
316.000000000000 0.076308759290
317.000000000000 0.066937967621
318.000000000000 0.076285784105
319.000000000000 0.066956836879
320.000000000000 0.076292916914
321.000000000000 0.067003095105
322.000000000000 0.076329207550
323.000000000000 0.067075753106
324.000000000000 0.076393619759
325.000000000000 0.067173750287
326.000000000000 0.076485040760
327.000000000000 0.067295963036
328.000000000000 0.076602290125
329.000000000000 0.067441212656
330.000000000000 0.076744128161
331.000000000000 0.067608272998
332.000000000000 0.076909263953
333.000000000000 0.067795877903
334.000000000000 0.077096363218
335.000000000000 0.068002728546
336.000000000000 0.077304056040
337.000000000000 0.068227500734
338.000000000000 0.077530944588
339.000000000000 0.068468852183
340.000000000000 0.077775610801
341.000000000000 0.068725429766
342.000000000000 0.078036624082
343.000000000000 0.068995876721
344.000000000000 0.078312548950
345.000000000000 0.069278839760
346.000000000000 0.078601952610
347.000000000000 0.069572976033
348.000000000000 0.078903412389
349.000000000000 0.069876959881
350.000000000000 0.079215522960
