0 0
0.132583229624 0.090342361619
0.326048856563 0.029198353865
0.423554902399 0.020328441334
0.487908847792 0.017282684984
0.538981834270 0.015308438958
0.582930337188 0.013722865579
0.622257564037 0.012342831715
0.658280538249 0.011096605571
0.691809950735 0.009941184069
0.723392361626 0.008857206474
0.753418324953 0.007824419820
0.782183138430 0.006836290074
0.809915233586 0.005879780552
0.836802285058 0.004952632428
0.862997201034 0.004045284679
0.888635040660 0.003156768178
0.913830103311 0.002279842497
0.938690272958 0.001413451769
0.963310161731 0.000552198386
0.987786827158 -0.000306132767
1 0
