0.250000238419 -0.167527187238
0.625000596047 -0.040537029179
0.812500774861 -0.023979436069
0.906250864268 -0.014018078502
0.953125908972 -0.007587373080
0.976563431323 -0.003942700841
0.988282192499 -0.002008822927
0.994141573087 -0.001013734727
0.997071263381 -0.000509136821
0.998536108528 -0.000255073386
0.999268531102 -0.000127600483
0.999634742388 -0.000063753731
0.999817848032 -0.000031802780
0.999909400854 -0.000015820411
0.999955177264 -0.000007827502
0.999978065470 -0.000003830617
0.999989509573 -0.000001832067
0.999995231624 -0.000000832765
0.999998092650 -0.000000333107
0.999999523162 -0.000000083277
