1.000000000000 0.039088777927
2.000000000000 0.039760392877
3.000000000000 0.037040912618
4.000000000000 0.036138849894
5.000000000000 0.034492333076
6.000000000000 0.033688767229
7.000000000000 0.032515695398
8.000000000000 0.031849081828
9.000000000000 0.030943284362
10.000000000000 0.030384678715
11.000000000000 0.029650493750
12.000000000000 0.029174014088
13.000000000000 0.028559200568
14.000000000000 0.028146044063
15.000000000000 0.027618943617
16.000000000000 0.027255663580
17.000000000000 0.026795645305
18.000000000000 0.026472467939
19.000000000000 0.026065344861
20.000000000000 0.025775006318
21.000000000000 0.025410609854
22.000000000000 0.025147591930
23.000000000000 0.024818389369
24.000000000000 0.024578415188
25.000000000000 0.024278674361
26.000000000000 0.024058369448
27.000000000000 0.023783629698
28.000000000000 0.023580289178
29.000000000000 0.023327013066
30.000000000000 0.023138438250
31.000000000000 0.022903774637
32.000000000000 0.022728155937
33.000000000000 0.022509774311
34.000000000000 0.022345605767
35.000000000000 0.022141577570
36.000000000000 0.021987593374
37.000000000000 0.021796305214
38.000000000000 0.021651431839
39.000000000000 0.021471520853
40.000000000000 0.021334840439
41.000000000000 0.021165145363
42.000000000000 0.021035867359
43.000000000000 0.020875390952
44.000000000000 0.020752829898
45.000000000000 0.020600709720
46.000000000000 0.020484267650
47.000000000000 0.020339753057
48.000000000000 0.020228905441
49.000000000000 0.020091339300
50.000000000000 0.019985623694
51.000000000000 0.019854427692
52.000000000000 0.019753434521
53.000000000000 0.019628097265
54.000000000000 0.019531462258
55.000000000000 0.019411529557
56.000000000000 0.019318927505
57.000000000000 0.019203994364
58.000000000000 0.019115133929
59.000000000000 0.019004837911
60.000000000000 0.018919457277
61.000000000000 0.018813472959
62.000000000000 0.018731336171
63.000000000000 0.018629370479
64.000000000000 0.018550264331
65.000000000000 0.018452052593
66.000000000000 0.018375783979
67.000000000000 0.018281086564
68.000000000000 0.018207480195
69.000000000000 0.018116079635
70.000000000000 0.018044976075
71.000000000000 0.017956674582
72.000000000000 0.017887928537
73.000000000000 0.017802545855
74.000000000000 0.017736024686
75.000000000000 0.017653396223
76.000000000000 0.017588978636
77.000000000000 0.017508953826
78.000000000000 0.017446528720
79.000000000000 0.017368969591
80.000000000000 0.017308435045
81.000000000000 0.017233214948
82.000000000000 0.017174477315
83.000000000000 0.017101479808
84.000000000000 0.017044452913
85.000000000000 0.016973570763
86.000000000000 0.016918175183
87.000000000000 0.016849309484
88.000000000000 0.016795471911
89.000000000000 0.016728531287
90.000000000000 0.016676183949
91.000000000000 0.016611083853
92.000000000000 0.016560163997
93.000000000000 0.016496826072
94.000000000000 0.016447275501
95.000000000000 0.016385627010
96.000000000000 0.016337391661
97.000000000000 0.016277364979
98.000000000000 0.016230394543
99.000000000000 0.016171926688
100.000000000000 0.016126174275
101.000000000000 0.016069206494
102.000000000000 0.016024628318
103.000000000000 0.015969105712
104.000000000000 0.015925660813
105.000000000000 0.015871531995
106.000000000000 0.015829181988
107.000000000000 0.015776398774
108.000000000000 0.015735107622
109.000000000000 0.015683624756
110.000000000000 0.015643358558
111.000000000000 0.015593133457
112.000000000000 0.015553860266
113.000000000000 0.015504852791
114.000000000000 0.015466542441
115.000000000000 0.015418714695
116.000000000000 0.015381338649
117.000000000000 0.015334654785
118.000000000000 0.015298185996
119.000000000000 0.015252612048
120.000000000000 0.015217024833
121.000000000000 0.015172528561
122.000000000000 0.015137798489
123.000000000000 0.015094349242
124.000000000000 0.015060453026
125.000000000000 0.015018021613
126.000000000000 0.014984937022
127.000000000000 0.014943495599
128.000000000000 0.014911201372
129.000000000000 0.014870723334
130.000000000000 0.014839199101
131.000000000000 0.014799658991
132.000000000000 0.014768885208
133.000000000000 0.014730258631
134.000000000000 0.014700216514
135.000000000000 0.014662480056
136.000000000000 0.014633151528
137.000000000000 0.014596282687
138.000000000000 0.014567650323
139.000000000000 0.014531627446
140.000000000000 0.014503674430
141.000000000000 0.014468476652
142.000000000000 0.014441186733
143.000000000000 0.014406793926
144.000000000000 0.014380151381
145.000000000000 0.014346544105
146.000000000000 0.014320533706
147.000000000000 0.014287693165
148.000000000000 0.014262300144
149.000000000000 0.014230208146
150.000000000000 0.014205418172
151.000000000000 0.014174057093
152.000000000000 0.014149856242
153.000000000000 0.014119208995
154.000000000000 0.014095583730
155.000000000000 0.014065633730
156.000000000000 0.014042570880
157.000000000000 0.014013302020
158.000000000000 0.013990788758
159.000000000000 0.013962185384
160.000000000000 0.013940209213
161.000000000000 0.013912256099
162.000000000000 0.013890804837
163.000000000000 0.013863487167
164.000000000000 0.013842548926
165.000000000000 0.013815852272
166.000000000000 0.013795415455
167.000000000000 0.013769325760
168.000000000000 0.013749379041
169.000000000000 0.013723882604
170.000000000000 0.013704414921
171.000000000000 0.013679498382
172.000000000000 0.013660498926
173.000000000000 0.013636149250
174.000000000000 0.013617607457
175.000000000000 0.013593811924
176.000000000000 0.013575717465
177.000000000000 0.013552463658
178.000000000000 0.013534806431
179.000000000000 0.013512082223
180.000000000000 0.013494852348
181.000000000000 0.013472645896
182.000000000000 0.013455833707
183.000000000000 0.013434133437
184.000000000000 0.013417729476
185.000000000000 0.013396524080
186.000000000000 0.013380519091
187.000000000000 0.013359797516
188.000000000000 0.013344182440
189.000000000000 0.013323933879
190.000000000000 0.013308699849
191.000000000000 0.013288913739
192.000000000000 0.013274052075
193.000000000000 0.013254718083
194.000000000000 0.013240220290
195.000000000000 0.013221328312
196.000000000000 0.013207186070
197.000000000000 0.013188726225
198.000000000000 0.013174931392
199.000000000000 0.013156894014
200.000000000000 0.013143438615
201.000000000000 0.013125814248
202.000000000000 0.013112690480
203.000000000000 0.013095469873
204.000000000000 0.013082670093
205.000000000000 0.013065844197
206.000000000000 0.013053360924
207.000000000000 0.013036920885
208.000000000000 0.013024746794
209.000000000000 0.013008683951
210.000000000000 0.012996811872
211.000000000000 0.012981117748
212.000000000000 0.012969540663
213.000000000000 0.012954206966
214.000000000000 0.012942918004
215.000000000000 0.012927936619
216.000000000000 0.012916929055
217.000000000000 0.012902292045
218.000000000000 0.012891559296
219.000000000000 0.012877258894
220.000000000000 0.012866794517
221.000000000000 0.012852823122
222.000000000000 0.012842620814
223.000000000000 0.012828970990
224.000000000000 0.012819024579
225.000000000000 0.012805689053
226.000000000000 0.012795992502
227.000000000000 0.012782964155
228.000000000000 0.012773511556
229.000000000000 0.012760783426
230.000000000000 0.012751568998
231.000000000000 0.012739134273
232.000000000000 0.012730152361
233.000000000000 0.012718004376
234.000000000000 0.012709249448
235.000000000000 0.012697381684
236.000000000000 0.012688848328
237.000000000000 0.012677254408
238.000000000000 0.012668937330
239.000000000000 0.012657611016
240.000000000000 0.012649505039
241.000000000000 0.012638440228
242.000000000000 0.012630540289
243.000000000000 0.012619731015
244.000000000000 0.012612032161
245.000000000000 0.012601472585
246.000000000000 0.012593969975
247.000000000000 0.012583654387
248.000000000000 0.012576343286
249.000000000000 0.012566266105
250.000000000000 0.012559141884
251.000000000000 0.012549297647
252.000000000000 0.012542355780
253.000000000000 0.012532739149
254.000000000000 0.012525975212
255.000000000000 0.012516580965
256.000000000000 0.012509990634
257.000000000000 0.012500813663
258.000000000000 0.012494392711
259.000000000000 0.012485428024
260.000000000000 0.012479172320
261.000000000000 0.012470415036
262.000000000000 0.012464320541
263.000000000000 0.012455765886
264.000000000000 0.012449828655
265.000000000000 0.012441471963
266.000000000000 0.012435688141
267.000000000000 0.012427524849
268.000000000000 0.012421890669
269.000000000000 0.012413916317
270.000000000000 0.012408428097
271.000000000000 0.012400638325
272.000000000000 0.012395292470
273.000000000000 0.012387683015
274.000000000000 0.012382476011
275.000000000000 0.012375042707
276.000000000000 0.012369971123
277.000000000000 0.012362709896
278.000000000000 0.012357770380
279.000000000000 0.012350677251
280.000000000000 0.012345866529
281.000000000000 0.012338937606
282.000000000000 0.012334252479
283.000000000000 0.012327483960
284.000000000000 0.012322921306
285.000000000000 0.012316309474
286.000000000000 0.012311866243
287.000000000000 0.012305407465
288.000000000000 0.012301080679
289.000000000000 0.012294771406
290.000000000000 0.012290558156
291.000000000000 0.012284394919
292.000000000000 0.012280292367
293.000000000000 0.012274271775
294.000000000000 0.012270277148
295.000000000000 0.012264395889
296.000000000000 0.012260506480
297.000000000000 0.012254761317
298.000000000000 0.012250974485
299.000000000000 0.012245362254
300.000000000000 0.012241675419
301.000000000000 0.012236193030
302.000000000000 0.012232603674
303.000000000000 0.012227248107
304.000000000000 0.012223753772
305.000000000000 0.012218522078
306.000000000000 0.012215120365
307.000000000000 0.012210009660
308.000000000000 0.012206698228
309.000000000000 0.012201705695
310.000000000000 0.012198482260
311.000000000000 0.012193605148
312.000000000000 0.012190467479
313.000000000000 0.012185703099
314.000000000000 0.012182649021
315.000000000000 0.012177994747
316.000000000000 0.012175022135
317.000000000000 0.012170475402
318.000000000000 0.012167582185
319.000000000000 0.012163140486
320.000000000000 0.012160324642
321.000000000000 0.012155985529
322.000000000000 0.012153245084
323.000000000000 0.012149006165
324.000000000000 0.012146339196
325.000000000000 0.012142198135
326.000000000000 0.012139602763
327.000000000000 0.012135557277
328.000000000000 0.012133031670
329.000000000000 0.012129079531
330.000000000000 0.012126621903
331.000000000000 0.012122760931
332.000000000000 0.012120369538
333.000000000000 0.012116597609
334.000000000000 0.012114270750
335.000000000000 0.012110585784
336.000000000000 0.012108321802
337.000000000000 0.012104721771
338.000000000000 0.012102519046
339.000000000000 0.012099001968
340.000000000000 0.012096858922
341.000000000000 0.012093422861
342.000000000000 0.012091337956
343.000000000000 0.012087981021
344.000000000000 0.012085952756
345.000000000000 0.012082673101
346.000000000000 0.012080700010
347.000000000000 0.012077495831
348.000000000000 0.012075576488
349.000000000000 0.012072446024
350.000000000000 0.012070579036
