0.056920162996 1.179413403936
0.165068472688 1.499144872664
0.262401951411 1.738335487767
0.350002082261 1.895157058318
0.428842200026 1.978764601579
0.499798306015 2.002982972224
0.563658801405 1.982379686142
0.621133247256 1.930172488757
0.672860248522 1.857352006714
0.719414549662 1.772517497268
0.761313420687 1.682078155356
0.799022404610 1.590604303020
0.832960490140 1.501207433620
0.863504767118 1.415889099505
0.890994616398 1.335834716096
0.915735480749 1.261647893142
0.938002258666 1.193530306858
0.958042358791 1.131415753879
0.976078448903 1.075067619221
0.992310930005 1.024148160699
