0.056920162996 0.001544923987
0.165068472688 0.003499361511
0.262401951411 0.004222103296
0.350002082261 0.004147564317
0.428842200026 0.003647753917
0.499798306015 0.002983172974
0.563658801405 0.002311126192
0.621133247256 0.001712490062
0.672860248522 0.001218779206
0.719414549662 0.000833178579
0.761313420687 0.000544762611
0.799022404610 0.000337168469
0.832960490140 0.000193382731
0.863504767118 0.000098059540
0.890994616398 0.000038395634
0.915735480749 0.000004233541
0.938002258666 -0.000012199558
0.958042358791 -0.000016686711
0.976078448903 -0.000013429724
0.992310930005 -0.000005415981
