0.056920162996 0.019016370163
0.165068472688 0.009969438281
0.262401951411 0.008129325684
0.350002082261 0.005928705707
0.428842200026 0.003723661543
0.499798306015 0.001903198192
0.563658801405 0.000573617815
0.621133247256 -0.000301611514
0.672860248522 -0.000814186350
0.719414549662 -0.001063886637
0.761313420687 -0.001137507889
0.799022404610 -0.001102322615
0.832960490140 -0.001006593042
0.863504767118 -0.000882844961
0.890994616398 -0.000751712126
0.915735480749 -0.000625388357
0.938002258666 -0.000510373212
0.958042358791 -0.000409502540
0.976078448903 -0.000368165046
0.992310930005 0.005695976062
