0.114962 0.114962 9.9163102992926673e-06
0.114962 0.187155 1.2014958155612872e-05
0.114962 0.255738 1.3589369979492621e-05
0.114962 0.320891 1.4716571212751266e-05
0.114962 0.382788 1.5467395713109327e-05
0.114962 0.441589 1.5905567994981863e-05
0.114962 0.497450 1.6087428620417937e-05
0.114962 0.550518 1.6062083019036371e-05
0.114962 0.600933 1.5871813388740677e-05
0.114962 0.648827 1.5552639443109847e-05
0.114962 0.694326 1.5134948755920162e-05
0.114962 0.737550 1.4644143430389382e-05
0.114962 0.778613 1.4101268761059285e-05
0.114962 0.817623 1.3523603066852626e-05
0.114962 0.854683 1.2925197329798337e-05
0.114962 0.889889 1.2317359706485488e-05
0.114962 0.923335 1.1709084242370396e-05
0.114962 0.955109 1.1107425806006557e-05

0.187155 0.114962 1.2014958155613089e-05
0.187155 0.187155 1.3535539543331303e-05
0.187155 0.255738 1.4573124374890091e-05
0.187155 0.320891 1.5215499471189949e-05
0.187155 0.382788 1.5538966171781306e-05
0.187155 0.441589 1.5608775311335386e-05
0.187155 0.497450 1.5479983742758361e-05
0.187155 0.550518 1.5198516436836125e-05
0.187155 0.600933 1.4802292883448788e-05
0.187155 0.648827 1.4322329946411111e-05
0.187155 0.694326 1.3783770383469542e-05
0.187155 0.737550 1.3206811241489765e-05
0.187155 0.778613 1.2607522558862050e-05
0.187155 0.817623 1.1998556909935745e-05
0.187155 0.854683 1.1389756187965647e-05
0.187155 0.889889 1.0788665069552238e-05
0.187155 0.923335 1.0200961846059970e-05
0.187155 0.955109 9.6308174031239750e-06

0.255738 0.114962 1.3589369979493055e-05
0.255738 0.187155 1.4573124374890525e-05
0.255738 0.255738 1.5120178542404796e-05
0.255738 0.320891 1.5325833438621130e-05
0.255738 0.382788 1.5269531033074331e-05
0.255738 0.441589 1.5016460223526464e-05
0.255738 0.497450 1.4619381959668325e-05
0.255738 0.550518 1.4120465470755100e-05
0.255738 0.600933 1.3553013998677567e-05
0.255738 0.648827 1.2943017073573961e-05
0.255738 0.694326 1.2310504469766927e-05
0.255738 0.737550 1.1670700566820784e-05
0.255738 0.778613 1.1034991377069890e-05
0.255738 0.817623 1.0411723380031324e-05
0.255738 0.854683 9.8068559274654132e-06
0.255738 0.889889 9.2244890017648129e-06
0.255738 0.923335 8.6672866942763549e-06
0.255738 0.955109 8.1368145932753794e-06

0.320891 0.114962 1.4716571212751266e-05
0.320891 0.187155 1.5215499471190382e-05
0.320891 0.255738 1.5325833438620262e-05
0.320891 0.320891 1.5147709240080805e-05
0.320891 0.382788 1.4761881213284055e-05
0.320891 0.441589 1.4232318229244478e-05
0.320891 0.497450 1.3608839187801737e-05
0.320891 0.550518 1.2929590163587336e-05
0.320891 0.600933 1.2223260900560279e-05
0.320891 0.648827 1.1511000469717654e-05
0.320891 0.694326 1.0808030249637168e-05
0.320891 0.737550 1.0124974311103395e-05
0.320891 0.778613 9.4689382386060547e-06
0.320891 0.817623 8.8443713892457851e-06
0.320891 0.854683 8.2537473346366158e-06
0.320891 0.889889 7.6980946188400998e-06
0.320891 0.923335 7.1774062607755929e-06
0.320891 0.955109 6.6909523219705822e-06

0.382788 0.114962 1.5467395713109327e-05
0.382788 0.187155 1.5538966172003350e-05
0.382788 0.255738 1.5269531033074331e-05
0.382788 0.320891 1.4761881213506099e-05
0.382788 0.382788 1.4096672409483028e-05
0.382788 0.441589 1.3335839144423822e-05
0.382788 0.497450 1.2525891524474246e-05
0.382788 0.550518 1.1700909373895535e-05
0.382788 0.600933 1.0885149700191887e-05
0.382788 0.648827 1.0095247655599916e-05
0.382788 0.694326 9.3420290967231520e-06
0.382788 0.737550 8.6319730161141250e-06
0.382788 0.778613 7.9683706521007161e-06
0.382788 0.817623 7.3522294685131676e-06
0.382788 0.854683 6.7829674679680332e-06
0.382788 0.889889 6.2589384291168379e-06
0.382788 0.923335 5.7778230495150393e-06
0.382788 0.955109 5.3369152432231060e-06

0.441589 0.114962 1.5905567994982297e-05
0.441589 0.187155 1.5608775311335386e-05
0.441589 0.255738 1.5016460223747641e-05
0.441589 0.320891 1.4232318229245346e-05
0.441589 0.382788 1.3335839144423822e-05
0.441589 0.441589 1.2386378393892256e-05
0.441589 0.497450 1.1426978077799452e-05
0.441589 0.550518 1.0487765430056140e-05
0.441589 0.600933 9.5888614579844184e-06
0.441589 0.648827 8.7427976797425228e-06
0.441589 0.694326 7.9564759723274592e-06
0.441589 0.737550 7.2327249210513839e-06
0.441589 0.778613 6.5715124155313678e-06
0.441589 0.817623 5.9708733877996897e-06
0.441589 0.854683 5.4276067361072253e-06
0.441589 0.889889 4.9377887816424298e-06
0.441589 0.923335 4.4971433838872366e-06
0.441589 0.955109 4.1013018113851898e-06

0.497450 0.114962 1.6087428620417503e-05
0.497450 0.187155 1.5479983742785249e-05
0.497450 0.255738 1.4619381959668325e-05
0.497450 0.320891 1.3608839187802604e-05
0.497450 0.382788 1.2525891524475113e-05
0.497450 0.441589 1.1426978077743941e-05
0.497450 0.497450 1.0351663187585167e-05
0.497450 0.550518 9.3263387881863460e-06
0.497450 0.600933 8.3673548691275829e-06
0.497450 0.648827 7.4835911185941462e-06
0.497450 0.694326 6.6785187693620823e-06
0.497450 0.737550 5.9518182823417587e-06
0.497450 0.778613 5.3006229409797989e-06
0.497450 0.817623 4.7204556599981726e-06
0.497450 0.854683 4.2059197272207791e-06
0.497450 0.889889 3.7511960187877613e-06
0.497450 0.923335 3.3503907007062170e-06
0.497450 0.955109 2.9977694354765133e-06

0.550518 0.114962 1.6062083019036371e-05
0.550518 0.187155 1.5198516436586325e-05
0.550518 0.255738 1.4120465470754233e-05
0.550518 0.320891 1.2929590163586469e-05
0.550518 0.382788 1.1700909373896402e-05
0.550518 0.441589 1.0487765430000628e-05
0.550518 0.497450 9.3263387881863460e-06
0.550518 0.550518 8.2395663226885602e-06
0.550518 0.600933 7.2404246252025586e-06
0.550518 0.648827 6.3346040796745037e-06
0.550518 0.694326 5.5226340539161339e-06
0.550518 0.737550 4.8015344664307721e-06
0.550518 0.778613 4.1660717523652260e-06
0.550518 0.817623 3.6096929107764034e-06
0.550518 0.854683 3.1252033232155585e-06
0.550518 0.889889 2.7052446762813875e-06
0.550518 0.923335 2.3426198342670415e-06
0.550518 0.955109 2.0305026995045064e-06

0.600933 0.114962 1.5871813388629655e-05
0.600933 0.187155 1.4802292883476544e-05
0.600933 0.255738 1.3553013998677567e-05
0.600933 0.320891 1.2223260900504768e-05
0.600933 0.382788 1.0885149700248266e-05
0.600933 0.441589 9.5888614579844184e-06
0.600933 0.497450 8.3673548695725394e-06
0.600933 0.550518 7.2404246252034260e-06
0.600933 0.600933 6.2180784857817847e-06
0.600933 0.648827 5.3032692333334491e-06
0.600933 0.694326 4.4940506778870862e-06
0.600933 0.737550 3.7852403017629363e-06
0.600933 0.778613 3.1696724021139377e-06
0.600933 0.817623 2.6391199832121945e-06
0.600933 0.854683 2.1849546013291005e-06
0.600933 0.889889 1.7986030577841691e-06
0.600933 0.923335 1.4718496862660760e-06
0.600933 0.955109 1.1970235694958378e-06

0.648827 0.114962 1.5552639443109847e-05
0.648827 0.187155 1.4322329946384223e-05
0.648827 0.255738 1.2943017073741361e-05
0.648827 0.320891 1.1511000469774900e-05
0.648827 0.382788 1.0095247655599916e-05
0.648827 0.441589 8.7427976797433901e-06
0.648827 0.497450 7.4835911185958809e-06
0.648827 0.550518 6.3346040796762385e-06
0.648827 0.600933 5.3032692333334491e-06
0.648827 0.648827 4.3902283434925013e-06
0.648827 0.694326 3.5914921380567066e-06
0.648827 0.737550 2.9000953486648523e-06
0.648827 0.778613 2.3073348145406791e-06
0.648827 0.817623 1.8036719367231502e-06
0.648827 0.854683 1.3793708423907869e-06
0.648827 0.889889 1.0249327858698892e-06
0.648827 0.923335 7.3137654671776020e-07
0.648827 0.955109 4.9040488473046928e-07

0.694326 0.114962 1.5134948755919728e-05
0.694326 0.187155 1.3783770383664698e-05
0.694326 0.255738 1.2310504469766927e-05
0.694326 0.320891 1.0808030249582525e-05
0.694326 0.382788 9.3420290962790628e-06
0.694326 0.441589 7.9564759723274592e-06
0.694326 0.497450 6.6785187702511281e-06
0.694326 0.550518 5.5226340539161339e-06
0.694326 0.600933 4.4940506778870862e-06
0.694326 0.648827 3.5914921389440177e-06
0.694326 0.694326 2.8093183062653446e-06
0.694326 0.737550 2.1391578300085715e-06
0.694326 0.778613 1.5711215742043871e-06
0.694326 0.817623 1.0946800549724994e-06
0.694326 0.854683 6.9927739245693316e-07
0.694326 0.889889 3.7474295745253822e-07
0.694326 0.923335 1.1155089558578107e-07
0.694326 0.955109 -9.9032226935462375e-08

0.737550 0.114962 1.4644143430611427e-05
0.737550 0.187155 1.3206811241739565e-05
0.737550 0.255738 1.1670700567264006e-05
0.737550 0.320891 1.0124974311158906e-05
0.737550 0.382788 8.6319730161696362e-06
0.737550 0.441589 7.2327249211068950e-06
0.737550 0.497450 5.9518182823417587e-06
0.737550 0.550518 4.8015344664307721e-06
0.737550 0.600933 3.7852403026511147e-06
0.737550 0.648827 2.9000953486639849e-06
0.737550 0.694326 2.1391578300085715e-06
0.737550 0.737550 1.4929825287324922e-06
0.737550 0.778613 9.5080211493132893e-07
0.737550 0.817623 5.0137548003679339e-07
0.737550 0.854683 1.3357579463791486e-07
0.737550 0.889889 -1.6322054988311685e-07
0.737550 0.923335 -3.9889410078774307e-07
0.737550 0.955109 -5.8245160250523093e-07

0.778613 0.114962 1.4101268760976018e-05
0.778613 0.187155 1.2607522558833861e-05
0.778613 0.255738 1.1034991377124534e-05
0.778613 0.320891 9.4689382386060547e-06
0.778613 0.382788 7.9683706521007161e-06
0.778613 0.441589 6.5715124155313678e-06
0.778613 0.497450 5.3006229409806663e-06
0.778613 0.550518 4.1660717532534045e-06
0.778613 0.600933 3.1696724021139377e-06
0.778613 0.648827 2.3073348145398118e-06
0.778613 0.694326 1.5711215742043871e-06
0.778613 0.737550 9.5080211448723972e-07
0.778613 0.778613 4.3499638560390991e-07
0.778613 0.817623 1.1991177832799960e-08
0.778613 0.854683 -3.2969866233401729e-07
0.778613 0.889889 -6.0096361037282470e-07
0.778613 0.923335 -8.1187802282792210e-07
0.778613 0.955109 -9.7158447125069575e-07

0.817623 0.114962 1.3523603066852626e-05
0.817623 0.187155 1.1998556909963935e-05
0.817623 0.255738 1.0411723380031324e-05
0.817623 0.320891 8.8443713891894066e-06
0.817623 0.382788 7.3522294689017456e-06
0.817623 0.441589 5.9708733877996897e-06
0.817623 0.497450 4.7204556601109296e-06
0.817623 0.550518 3.6096929106671158e-06
0.817623 0.600933 2.6391199832121945e-06
0.817623 0.648827 1.8036719368350398e-06
0.817623 0.694326 1.0946800550852565e-06
0.817623 0.737550 5.0137548014955041e-07
0.817623 0.778613 1.1991176946356263e-08
0.817623 0.817623 -3.8545563442980713e-07
0.817623 0.854683 -7.0262952766263209e-07
0.817623 0.889889 -9.5053191233925721e-07
0.817623 0.923335 -1.1392966890316769e-06
0.817623 0.955109 -1.2780879419076185e-06

0.854683 0.114962 1.2925197329771015e-05
0.854683 0.187155 1.1389756188021159e-05
0.854683 0.255738 9.8068559275209244e-06
0.854683 0.320891 8.2537473345811047e-06
0.854683 0.382788 6.7829674679125221e-06
0.854683 0.441589 5.4276067357195146e-06
0.854683 0.497450 4.2059197272207791e-06
0.854683 0.550518 3.1252033224384024e-06
0.854683 0.600933 2.1849546014401228e-06
0.854683 0.648827 1.3793708423907869e-06
0.854683 0.694326 6.9927739245866788e-07
0.854683 0.737550 1.3357579452689256e-07
0.854683 0.778613 -3.2969866233401729e-07
0.854683 0.817623 -7.0262952821774360e-07
0.854683 0.854683 -9.9691244188210293e-07
0.854683 0.889889 -1.2235310573637317e-06
0.854683 0.923335 -1.3925684799161522e-06
0.854683 0.955109 -1.5131167570275189e-06

0.889889 0.114962 1.2317359706485488e-05
0.889889 0.187155 1.0788665069385271e-05
0.889889 0.255738 9.2244890018203241e-06
0.889889 0.320891 7.6980946188400998e-06
0.889889 0.382788 6.2589384290066830e-06
0.889889 0.441589 4.9377887820318753e-06
0.889889 0.497450 3.7511960186758717e-06
0.889889 0.550518 2.7052446762813875e-06
0.889889 0.600933 1.7986030578943241e-06
0.889889 0.648827 1.0249327866461780e-06
0.889889 0.694326 3.7474295756356052e-07
0.889889 0.737550 -1.6322054977209455e-07
0.889889 0.778613 -6.0096361037282470e-07
0.889889 0.817623 -9.5053191233925721e-07
0.889889 0.854683 -1.2235310573637317e-06
0.889889 0.889889 -1.4308224291995769e-06
0.889889 0.923335 -1.5823491846880811e-06
0.889889 0.955109 -1.6870560979207957e-06

0.923335 0.114962 1.1709084242343074e-05
0.923335 0.187155 1.0200961846504059e-05
0.923335 0.255738 8.6672866938600213e-06
0.923335 0.320891 7.1774062607764602e-06
0.923335 0.382788 5.7778230494603955e-06
0.923335 0.441589 4.4971433839427477e-06
0.923335 0.497450 3.3503907006515732e-06
0.923335 0.550518 2.3426198341568866e-06
0.923335 0.600933 1.4718496861541863e-06
0.923335 0.648827 7.3137654660587054e-07
0.923335 0.694326 1.1155089647482685e-07
0.923335 0.737550 -3.9889409978767498e-07
0.923335 0.778613 -8.1187802271603243e-07
0.923335 0.817623 -1.1392966889189199e-06
0.923335 0.854683 -1.3925684800263072e-06
0.923335 0.889889 -1.5823491855753921e-06
0.923335 0.923335 -1.7183713451997609e-06
0.923335 0.955109 -1.8093731661379328e-06

0.955109 0.114962 1.1107425806020435e-05
0.955109 0.187155 9.6308174031517306e-06
0.955109 0.255738 8.1368145933308905e-06
0.955109 0.320891 6.6909523219150710e-06
0.955109 0.382788 5.3369152432222386e-06
0.955109 0.441589 4.1013018113851898e-06
0.955109 0.497450 2.9977694355320245e-06
0.955109 0.550518 2.0305026995600176e-06
0.955109 0.600933 1.1970235694958378e-06
0.955109 0.648827 4.9040488461944698e-07
0.955109 0.694326 -9.9032226824440073e-08
0.955109 0.737550 -5.8245160250523093e-07
0.955109 0.778613 -9.7158447036251733e-07
0.955109 0.817623 -1.2780879417974636e-06
0.955109 0.854683 -1.5131167570292536e-06
0.955109 0.889889 -1.6870560979207957e-06
0.955109 0.923335 -1.8093731661370654e-06
0.955109 0.955109 -1.8885540483066024e-06

