0.038970 0.038970 0.000003
0.038970 0.114962 0.000006
0.038970 0.187155 0.000009
0.038970 0.255738 0.000011
0.038970 0.320891 0.000012
0.038970 0.382788 0.000013
0.038970 0.441589 0.000014
0.038970 0.497450 0.000014
0.038970 0.550518 0.000014
0.038970 0.600933 0.000014
0.038970 0.648827 0.000014
0.038970 0.694326 0.000014
0.038970 0.737550 0.000014
0.038970 0.778613 0.000013
0.038970 0.817623 0.000013
0.038970 0.854683 0.000012
0.038970 0.889889 0.000012
0.038970 0.923335 0.000011
0.038970 0.955109 0.000011
0.038970 0.985294 0.000092

0.114962 0.038970 0.000006
0.114962 0.114962 0.000010
0.114962 0.187155 0.000012
0.114962 0.255738 0.000014
0.114962 0.320891 0.000015
0.114962 0.382788 0.000015
0.114962 0.441589 0.000016
0.114962 0.497450 0.000016
0.114962 0.550518 0.000016
0.114962 0.600933 0.000016
0.114962 0.648827 0.000016
0.114962 0.694326 0.000015
0.114962 0.737550 0.000015
0.114962 0.778613 0.000014
0.114962 0.817623 0.000014
0.114962 0.854683 0.000013
0.114962 0.889889 0.000012
0.114962 0.923335 0.000012
0.114962 0.955109 0.000011
0.114962 0.985294 0.000240

0.187155 0.038970 0.000009
0.187155 0.114962 0.000012
0.187155 0.187155 0.000014
0.187155 0.255738 0.000015
0.187155 0.320891 0.000015
0.187155 0.382788 0.000016
0.187155 0.441589 0.000016
0.187155 0.497450 0.000015
0.187155 0.550518 0.000015
0.187155 0.600933 0.000015
0.187155 0.648827 0.000014
0.187155 0.694326 0.000014
0.187155 0.737550 0.000013
0.187155 0.778613 0.000013
0.187155 0.817623 0.000012
0.187155 0.854683 0.000011
0.187155 0.889889 0.000011
0.187155 0.923335 0.000010
0.187155 0.955109 0.000010
0.187155 0.985294 0.000360

0.255738 0.038970 0.000011
0.255738 0.114962 0.000014
0.255738 0.187155 0.000015
0.255738 0.255738 0.000015
0.255738 0.320891 0.000015
0.255738 0.382788 0.000015
0.255738 0.441589 0.000015
0.255738 0.497450 0.000015
0.255738 0.550518 0.000014
0.255738 0.600933 0.000014
0.255738 0.648827 0.000013
0.255738 0.694326 0.000012
0.255738 0.737550 0.000012
0.255738 0.778613 0.000011
0.255738 0.817623 0.000010
0.255738 0.854683 0.000010
0.255738 0.889889 0.000009
0.255738 0.923335 0.000009
0.255738 0.955109 0.000008
0.255738 0.985294 0.000458

0.320891 0.038970 0.000012
0.320891 0.114962 0.000015
0.320891 0.187155 0.000015
0.320891 0.255738 0.000015
0.320891 0.320891 0.000015
0.320891 0.382788 0.000015
0.320891 0.441589 0.000014
0.320891 0.497450 0.000014
0.320891 0.550518 0.000013
0.320891 0.600933 0.000012
0.320891 0.648827 0.000012
0.320891 0.694326 0.000011
0.320891 0.737550 0.000010
0.320891 0.778613 0.000009
0.320891 0.817623 0.000009
0.320891 0.854683 0.000008
0.320891 0.889889 0.000008
0.320891 0.923335 0.000007
0.320891 0.955109 0.000007
0.320891 0.985294 0.000535

0.382788 0.038970 0.000013
0.382788 0.114962 0.000015
0.382788 0.187155 0.000016
0.382788 0.255738 0.000015
0.382788 0.320891 0.000015
0.382788 0.382788 0.000014
0.382788 0.441589 0.000013
0.382788 0.497450 0.000013
0.382788 0.550518 0.000012
0.382788 0.600933 0.000011
0.382788 0.648827 0.000010
0.382788 0.694326 0.000009
0.382788 0.737550 0.000009
0.382788 0.778613 0.000008
0.382788 0.817623 0.000007
0.382788 0.854683 0.000007
0.382788 0.889889 0.000006
0.382788 0.923335 0.000006
0.382788 0.955109 0.000005
0.382788 0.985294 0.000593

0.441589 0.038970 0.000014
0.441589 0.114962 0.000016
0.441589 0.187155 0.000016
0.441589 0.255738 0.000015
0.441589 0.320891 0.000014
0.441589 0.382788 0.000013
0.441589 0.441589 0.000012
0.441589 0.497450 0.000011
0.441589 0.550518 0.000010
0.441589 0.600933 0.000010
0.441589 0.648827 0.000009
0.441589 0.694326 0.000008
0.441589 0.737550 0.000007
0.441589 0.778613 0.000007
0.441589 0.817623 0.000006
0.441589 0.854683 0.000005
0.441589 0.889889 0.000005
0.441589 0.923335 0.000004
0.441589 0.955109 0.000004
0.441589 0.985294 0.000635

0.497450 0.038970 0.000014
0.497450 0.114962 0.000016
0.497450 0.187155 0.000015
0.497450 0.255738 0.000015
0.497450 0.320891 0.000014
0.497450 0.382788 0.000013
0.497450 0.441589 0.000011
0.497450 0.497450 0.000010
0.497450 0.550518 0.000009
0.497450 0.600933 0.000008
0.497450 0.648827 0.000007
0.497450 0.694326 0.000007
0.497450 0.737550 0.000006
0.497450 0.778613 0.000005
0.497450 0.817623 0.000005
0.497450 0.854683 0.000004
0.497450 0.889889 0.000004
0.497450 0.923335 0.000003
0.497450 0.955109 0.000003
0.497450 0.985294 0.000663

0.550518 0.038970 0.000014
0.550518 0.114962 0.000016
0.550518 0.187155 0.000015
0.550518 0.255738 0.000014
0.550518 0.320891 0.000013
0.550518 0.382788 0.000012
0.550518 0.441589 0.000010
0.550518 0.497450 0.000009
0.550518 0.550518 0.000008
0.550518 0.600933 0.000007
0.550518 0.648827 0.000006
0.550518 0.694326 0.000006
0.550518 0.737550 0.000005
0.550518 0.778613 0.000004
0.550518 0.817623 0.000004
0.550518 0.854683 0.000003
0.550518 0.889889 0.000003
0.550518 0.923335 0.000002
0.550518 0.955109 0.000002
0.550518 0.985294 0.000680

0.600933 0.038970 0.000014
0.600933 0.114962 0.000016
0.600933 0.187155 0.000015
0.600933 0.255738 0.000014
0.600933 0.320891 0.000012
0.600933 0.382788 0.000011
0.600933 0.441589 0.000010
0.600933 0.497450 0.000008
0.600933 0.550518 0.000007
0.600933 0.600933 0.000006
0.600933 0.648827 0.000005
0.600933 0.694326 0.000004
0.600933 0.737550 0.000004
0.600933 0.778613 0.000003
0.600933 0.817623 0.000003
0.600933 0.854683 0.000002
0.600933 0.889889 0.000002
0.600933 0.923335 0.000001
0.600933 0.955109 0.000001
0.600933 0.985294 0.000687

0.648827 0.038970 0.000014
0.648827 0.114962 0.000016
0.648827 0.187155 0.000014
0.648827 0.255738 0.000013
0.648827 0.320891 0.000012
0.648827 0.382788 0.000010
0.648827 0.441589 0.000009
0.648827 0.497450 0.000007
0.648827 0.550518 0.000006
0.648827 0.600933 0.000005
0.648827 0.648827 0.000004
0.648827 0.694326 0.000004
0.648827 0.737550 0.000003
0.648827 0.778613 0.000002
0.648827 0.817623 0.000002
0.648827 0.854683 0.000001
0.648827 0.889889 0.000001
0.648827 0.923335 0.000001
0.648827 0.955109 0.000000
0.648827 0.985294 0.000685

0.694326 0.038970 0.000014
0.694326 0.114962 0.000015
0.694326 0.187155 0.000014
0.694326 0.255738 0.000012
0.694326 0.320891 0.000011
0.694326 0.382788 0.000009
0.694326 0.441589 0.000008
0.694326 0.497450 0.000007
0.694326 0.550518 0.000006
0.694326 0.600933 0.000004
0.694326 0.648827 0.000004
0.694326 0.694326 0.000003
0.694326 0.737550 0.000002
0.694326 0.778613 0.000002
0.694326 0.817623 0.000001
0.694326 0.854683 0.000001
0.694326 0.889889 0.000000
0.694326 0.923335 0.000000
0.694326 0.955109 -0.000000
0.694326 0.985294 0.000677

0.737550 0.038970 0.000014
0.737550 0.114962 0.000015
0.737550 0.187155 0.000013
0.737550 0.255738 0.000012
0.737550 0.320891 0.000010
0.737550 0.382788 0.000009
0.737550 0.441589 0.000007
0.737550 0.497450 0.000006
0.737550 0.550518 0.000005
0.737550 0.600933 0.000004
0.737550 0.648827 0.000003
0.737550 0.694326 0.000002
0.737550 0.737550 0.000001
0.737550 0.778613 0.000001
0.737550 0.817623 0.000001
0.737550 0.854683 0.000000
0.737550 0.889889 -0.000000
0.737550 0.923335 -0.000000
0.737550 0.955109 -0.000001
0.737550 0.985294 0.000664

0.778613 0.038970 0.000013
0.778613 0.114962 0.000014
0.778613 0.187155 0.000013
0.778613 0.255738 0.000011
0.778613 0.320891 0.000009
0.778613 0.382788 0.000008
0.778613 0.441589 0.000007
0.778613 0.497450 0.000005
0.778613 0.550518 0.000004
0.778613 0.600933 0.000003
0.778613 0.648827 0.000002
0.778613 0.694326 0.000002
0.778613 0.737550 0.000001
0.778613 0.778613 0.000000
0.778613 0.817623 0.000000
0.778613 0.854683 -0.000000
0.778613 0.889889 -0.000001
0.778613 0.923335 -0.000001
0.778613 0.955109 -0.000001
0.778613 0.985294 0.000647

0.817623 0.038970 0.000013
0.817623 0.114962 0.000014
0.817623 0.187155 0.000012
0.817623 0.255738 0.000010
0.817623 0.320891 0.000009
0.817623 0.382788 0.000007
0.817623 0.441589 0.000006
0.817623 0.497450 0.000005
0.817623 0.550518 0.000004
0.817623 0.600933 0.000003
0.817623 0.648827 0.000002
0.817623 0.694326 0.000001
0.817623 0.737550 0.000001
0.817623 0.778613 0.000000
0.817623 0.817623 -0.000000
0.817623 0.854683 -0.000001
0.817623 0.889889 -0.000001
0.817623 0.923335 -0.000001
0.817623 0.955109 -0.000001
0.817623 0.985294 0.000627

0.854683 0.038970 0.000012
0.854683 0.114962 0.000013
0.854683 0.187155 0.000011
0.854683 0.255738 0.000010
0.854683 0.320891 0.000008
0.854683 0.382788 0.000007
0.854683 0.441589 0.000005
0.854683 0.497450 0.000004
0.854683 0.550518 0.000003
0.854683 0.600933 0.000002
0.854683 0.648827 0.000001
0.854683 0.694326 0.000001
0.854683 0.737550 0.000000
0.854683 0.778613 -0.000000
0.854683 0.817623 -0.000001
0.854683 0.854683 -0.000001
0.854683 0.889889 -0.000001
0.854683 0.923335 -0.000001
0.854683 0.955109 -0.000002
0.854683 0.985294 0.000605

0.889889 0.038970 0.000012
0.889889 0.114962 0.000012
0.889889 0.187155 0.000011
0.889889 0.255738 0.000009
0.889889 0.320891 0.000008
0.889889 0.382788 0.000006
0.889889 0.441589 0.000005
0.889889 0.497450 0.000004
0.889889 0.550518 0.000003
0.889889 0.600933 0.000002
0.889889 0.648827 0.000001
0.889889 0.694326 0.000000
0.889889 0.737550 -0.000000
0.889889 0.778613 -0.000001
0.889889 0.817623 -0.000001
0.889889 0.854683 -0.000001
0.889889 0.889889 -0.000001
0.889889 0.923335 -0.000002
0.889889 0.955109 -0.000002
0.889889 0.985294 0.000581

0.923335 0.038970 0.000011
0.923335 0.114962 0.000012
0.923335 0.187155 0.000010
0.923335 0.255738 0.000009
0.923335 0.320891 0.000007
0.923335 0.382788 0.000006
0.923335 0.441589 0.000004
0.923335 0.497450 0.000003
0.923335 0.550518 0.000002
0.923335 0.600933 0.000001
0.923335 0.648827 0.000001
0.923335 0.694326 0.000000
0.923335 0.737550 -0.000000
0.923335 0.778613 -0.000001
0.923335 0.817623 -0.000001
0.923335 0.854683 -0.000001
0.923335 0.889889 -0.000002
0.923335 0.923335 -0.000002
0.923335 0.955109 -0.000002
0.923335 0.985294 0.000556

0.955109 0.038970 0.000011
0.955109 0.114962 0.000011
0.955109 0.187155 0.000010
0.955109 0.255738 0.000008
0.955109 0.320891 0.000007
0.955109 0.382788 0.000005
0.955109 0.441589 0.000004
0.955109 0.497450 0.000003
0.955109 0.550518 0.000002
0.955109 0.600933 0.000001
0.955109 0.648827 0.000000
0.955109 0.694326 -0.000000
0.955109 0.737550 -0.000001
0.955109 0.778613 -0.000001
0.955109 0.817623 -0.000001
0.955109 0.854683 -0.000002
0.955109 0.889889 -0.000002
0.955109 0.923335 -0.000002
0.955109 0.955109 -0.000002
0.955109 0.985294 0.000530

0.985294 0.038970 0.000092
0.985294 0.114962 0.000240
0.985294 0.187155 0.000360
0.985294 0.255738 0.000458
0.985294 0.320891 0.000535
0.985294 0.382788 0.000593
0.985294 0.441589 0.000635
0.985294 0.497450 0.000663
0.985294 0.550518 0.000680
0.985294 0.600933 0.000687
0.985294 0.648827 0.000685
0.985294 0.694326 0.000677
0.985294 0.737550 0.000664
0.985294 0.778613 0.000647
0.985294 0.817623 0.000627
0.985294 0.854683 0.000605
0.985294 0.889889 0.000581
0.985294 0.923335 0.000556
0.985294 0.955109 0.000530
0.985294 0.985294 0.001012

