0.187155 0.187155 1.0336486613149692e-06
0.187155 0.255738 1.2674814528578159e-06
0.187155 0.320891 1.4233470149786382e-06
0.187155 0.382788 1.5183897498135113e-06
0.187155 0.441589 1.5667121047149268e-06
0.187155 0.497450 1.5797499106638022e-06
0.187155 0.550518 1.5666637305932544e-06
0.187155 0.600933 1.5347066539237303e-06
0.187155 0.648827 1.4895467930248178e-06
0.187155 0.694326 1.4355328639921199e-06
0.187155 0.737550 1.3758967951163503e-06
0.187155 0.778613 1.3128913871074342e-06
0.187155 0.817623 1.2478672589293442e-06
0.187155 0.854683 1.1813058934786152e-06
0.187155 0.889889 1.1128497752354408e-06
0.187155 0.923335 1.0414119196672083e-06

0.255738 0.187155 1.2674814528355609e-06
0.255738 0.255738 1.5487278161733328e-06
0.255738 0.320891 1.7331969131612682e-06
0.255738 0.382788 1.8425921552931212e-06
0.255738 0.441589 1.8946563163465485e-06
0.255738 0.497450 1.9036765877912643e-06
0.255738 0.550518 1.8810047587972494e-06
0.255738 0.600933 1.8355438159394119e-06
0.255738 0.648827 1.7741784081178353e-06
0.255738 0.694326 1.7021424581040714e-06
0.255738 0.737550 1.6233271308079340e-06
0.255738 0.778613 1.5405393049953274e-06
0.255738 0.817623 1.4557262412091808e-06
0.255738 0.854683 1.3701863598895313e-06
0.255738 0.889889 1.2847874828829896e-06
0.255738 0.923335 1.2002094795706784e-06

0.320891 0.187155 1.4233470150177813e-06
0.320891 0.255738 1.7331969131455507e-06
0.320891 0.320891 1.9332098847895967e-06
0.320891 0.382788 2.0485215928757308e-06
0.320891 0.441589 2.0995659530321617e-06
0.320891 0.497450 2.1027036279738396e-06
0.320891 0.550518 2.0708606766978383e-06
0.320891 0.600933 2.0141217899780301e-06
0.320891 0.648827 1.9402553505309744e-06
0.320891 0.694326 1.8551655353513176e-06
0.320891 0.737550 1.7632760909749824e-06
0.320891 0.778613 1.6678548277763094e-06
0.320891 0.817623 1.5712889608792408e-06
0.320891 0.854683 1.4753197424306950e-06
0.320891 0.889889 1.3812406499747325e-06
0.320891 0.923335 1.2900572737192174e-06

0.382788 0.187155 1.5183897500352086e-06
0.382788 0.255738 1.8425921552706359e-06
0.382788 0.320891 2.0485215931137877e-06
0.382788 0.382788 2.1638039848033569e-06
0.382788 0.441589 2.2107731809033934e-06
0.382788 0.497450 2.2072172821527273e-06
0.382788 0.550518 2.1671220772686444e-06
0.382788 0.600933 2.1013518423001939e-06
0.382788 0.648827 2.0182462553656338e-06
0.382788 0.694326 1.9241305104083587e-06
0.382788 0.737550 1.8237439156109625e-06
0.382788 0.778613 1.7205953171606635e-06
0.382788 0.817623 1.6172539886415624e-06
0.382788 0.854683 1.5155834526570799e-06
0.382788 0.889889 1.4169239719438248e-06
0.382788 0.923335 1.3222282327458995e-06

0.441589 0.187155 1.5667121047771261e-06
0.441589 0.255738 1.8946563165011489e-06
0.441589 0.320891 2.0995659530489194e-06
0.441589 0.382788 2.2107731808877403e-06
0.441589 0.441589 2.2518506714629474e-06
0.441589 0.497450 2.2414751410095393e-06
0.441589 0.550518 2.1942626428866598e-06
0.441589 0.600933 2.1215177715222061e-06
0.441589 0.648827 2.0318814444646603e-06
0.441589 0.694326 1.9318785768708408e-06
0.441589 0.737550 1.8263732776748417e-06
0.441589 0.778613 1.7189413615453479e-06
0.441589 0.817623 1.6121703529911848e-06
0.441589 0.854683 1.5078967587918148e-06
0.441589 0.889889 1.4073898138401648e-06
0.441589 0.923335 1.3114905590026277e-06

0.497450 0.187155 1.5797499106688421e-06
0.497450 0.255738 1.9036765877907086e-06
0.497450 0.320891 2.1027036280279871e-06
0.497450 0.382788 2.2072172820897859e-06
0.497450 0.441589 2.2414751409703725e-06
0.497450 0.497450 2.2245948165656627e-06
0.497450 0.550518 2.1714701353956102e-06
0.497450 0.600933 2.0935709332649816e-06
0.497450 0.648827 1.9996238028669112e-06
0.497450 0.694326 1.8961821537136385e-06
0.497450 0.737550 1.7880966654772624e-06
0.497450 0.778613 1.6788979646865286e-06
0.497450 0.817623 1.5711034272648358e-06
0.497450 0.854683 1.4664596662699480e-06
0.497450 0.889889 1.3661316504634665e-06
0.497450 0.923335 1.2708484944462327e-06

0.550518 0.187155 1.5666637303490310e-06
0.550518 0.255738 1.8810047587962516e-06
0.550518 0.320891 2.0708606766913077e-06
0.550518 0.382788 2.1671220773520975e-06
0.550518 0.441589 2.1942626427420171e-06
0.550518 0.497450 2.1714701355481710e-06
0.550518 0.550518 2.1136322960899149e-06
0.550518 0.600933 2.0321690248156454e-06
0.550518 0.648827 1.9357296015963096e-06
0.550518 0.694326 1.8307725170112516e-06
0.550518 0.737550 1.7220423625268451e-06
0.550518 0.778613 1.6129569619235671e-06
0.550518 0.817623 1.5059175525063118e-06
0.550518 0.854683 1.4025543813043156e-06
0.550518 0.889889 1.3039192741282998e-06
0.550518 0.923335 1.2106354324183162e-06

0.600933 0.187155 1.5347066539581469e-06
0.600933 0.255738 1.8355438159807979e-06
0.600933 0.320891 2.0141217899091442e-06
0.600933 0.382788 2.1013518423118186e-06
0.600933 0.441589 2.1215177714631408e-06
0.600933 0.497450 2.0935709336188923e-06
0.600933 0.550518 2.0321690248331891e-06
0.600933 0.600933 1.9485192847675390e-06
0.600933 0.648827 1.8510756034707424e-06
0.600933 0.694326 1.7461167410551568e-06
0.600933 0.737550 1.6382220612341133e-06
0.600933 0.778613 1.5306578718088823e-06
0.600933 0.817623 1.4256869232897758e-06
0.600933 0.854683 1.3248135050760091e-06
0.600933 0.889889 1.2289759699998605e-06
0.600933 0.923335 1.1386972166758136e-06

0.648827 0.187155 1.4895467930113770e-06
0.648827 0.255738 1.7741784081971633e-06
0.648827 0.320891 1.9402553505603410e-06
0.648827 0.382788 2.0182462554419854e-06
0.648827 0.441589 2.0318814445173931e-06
0.648827 0.497450 1.9996238029662918e-06
0.648827 0.550518 1.9357296015201511e-06
0.648827 0.600933 1.8510756035493132e-06
0.648827 0.648827 1.7538387990869190e-06
0.648827 0.694326 1.6500627603926397e-06
0.648827 0.737550 1.5441259781735284e-06
0.648827 0.778613 1.4391231915142586e-06
0.648827 0.817623 1.3371707228459530e-06
0.648827 0.854683 1.2396474351862864e-06
0.648827 0.889889 1.1473833190369742e-06
0.648827 0.923335 1.0608070576877490e-06

0.694326 0.187155 1.4355328642087909e-06
0.694326 0.255738 1.7021424580729158e-06
0.694326 0.320891 1.8551655353849499e-06
0.694326 0.382788 1.9241305100660151e-06
0.694326 0.441589 1.9318785767974166e-06
0.694326 0.497450 1.8961821544987499e-06
0.694326 0.550518 1.8307725170511503e-06
0.694326 0.600933 1.7461167410136116e-06
0.694326 0.648827 1.6500627612440569e-06
0.694326 0.694326 1.5483852307196784e-06
0.694326 0.737550 1.4452419651513358e-06
0.694326 0.778613 1.3435477531457556e-06
0.694326 0.817623 1.2452736323751126e-06
0.694326 0.854683 1.1516813009612340e-06
0.694326 0.889889 1.0635038317388619e-06
0.694326 0.923335 9.8108521966097504e-07

0.737550 0.187155 1.3758967954191832e-06
0.737550 0.255738 1.6233271312254620e-06
0.737550 0.320891 1.7632760909480213e-06
0.737550 0.382788 1.8237439156795586e-06
0.737550 0.441589 1.8263732776998427e-06
0.737550 0.497450 1.7880966655193226e-06
0.737550 0.550518 1.7220423626328801e-06
0.737550 0.600933 1.6382220620802924e-06
0.737550 0.648827 1.5441259780467174e-06
0.737550 0.694326 1.4452419651119318e-06
0.737550 0.737550 1.3454973584966332e-06
0.737550 0.778613 1.2476245286072046e-06
0.737550 0.817623 1.1534546887154447e-06
0.737550 0.854683 1.0641462480418838e-06
0.737550 0.889889 9.8035556155839378e-07
0.737550 0.923335 9.0236133608303587e-07

0.778613 0.187155 1.3128913870723095e-06
0.778613 0.255738 1.5405393050079736e-06
0.778613 0.320891 1.6678548277915865e-06
0.778613 0.382788 1.7205953172780046e-06
0.778613 0.441589 1.7189413615365727e-06
0.778613 0.497450 1.6788979646095706e-06
0.778613 0.550518 1.6129569626948686e-06
0.778613 0.600933 1.5306578719815619e-06
0.778613 0.648827 1.4391231915658395e-06
0.778613 0.694326 1.3435477530845591e-06
0.778613 0.737550 1.2476245282583219e-06
0.778613 0.778613 1.1539019754611113e-06
0.778613 0.817623 1.0640750060423066e-06
0.778613 0.854683 9.7921276361340740e-07
0.778613 0.889889 8.9992430873249137e-07
0.778613 0.923335 8.2646380898813217e-07

0.817623 0.187155 1.2478672590579560e-06
0.817623 0.255738 1.4557262412509243e-06
0.817623 0.320891 1.5712889608041124e-06
0.817623 0.382788 1.6172539889115287e-06
0.817623 0.441589 1.6121703530299214e-06
0.817623 0.497450 1.5711034272477155e-06
0.817623 0.550518 1.5059175524649834e-06
0.817623 0.600933 1.4256869231873322e-06
0.817623 0.648827 1.3371707230558613e-06
0.817623 0.694326 1.2452736324450572e-06
0.817623 0.737550 1.1534546888394571e-06
0.817623 0.778613 1.0640750053418985e-06
0.817623 0.817623 9.7868749932908936e-07
0.817623 0.854683 8.9827344482029821e-07
0.817623 0.889889 8.2342243267620300e-07
0.817623 0.923335 7.5443653892527435e-07

0.854683 0.187155 1.1813058935799831e-06
0.854683 0.255738 1.3701863598345064e-06
0.854683 0.320891 1.4753197425135806e-06
0.854683 0.382788 1.5155834526756943e-06
0.854683 0.441589 1.5078967584674994e-06
0.854683 0.497450 1.4664596663881057e-06
0.854683 0.550518 1.4025543805740241e-06
0.854683 0.600933 1.3248135050649367e-06
0.854683 0.648827 1.2396474352327852e-06
0.854683 0.694326 1.1516813010295049e-06
0.854683 0.737550 1.0641462479810804e-06
0.854683 0.778613 9.7921276323380789e-07
0.854683 0.817623 8.9827344447790717e-07
0.854683 0.854683 8.2219117795166355e-07
0.854683 0.889889 7.5152367089909077e-07
0.854683 0.923335 6.8670010699103013e-07

0.889889 0.187155 1.1128497750995937e-06
0.889889 0.255738 1.2847874828622390e-06
0.889889 0.320891 1.3812406499490978e-06
0.889889 0.382788 1.4169239717721313e-06
0.889889 0.441589 1.4073898141248221e-06
0.889889 0.497450 1.3661316502311864e-06
0.889889 0.550518 1.3039192741497399e-06
0.889889 0.600933 1.2289759700334437e-06
0.889889 0.648827 1.1473833196936348e-06
0.889889 0.694326 1.0635038319368101e-06
0.889889 0.737550 9.8035556177097872e-07
0.889889 0.778613 8.9992430886773881e-07
0.889889 0.817623 8.2342243276681520e-07
0.889889 0.854683 7.5152367080870219e-07
0.889889 0.889889 6.8462947431426887e-07
0.889889 0.923335 6.2323202392904525e-07

0.923335 0.187155 1.0414119201550180e-06
0.923335 0.255738 1.2002094791602529e-06
0.923335 0.320891 1.2900572737271609e-06
0.923335 0.382788 1.3222282326187497e-06
0.923335 0.441589 1.3114905592827957e-06
0.923335 0.497450 1.2708484943661136e-06
0.923335 0.550518 1.2106354322395516e-06
0.923335 0.600933 1.1386972167203133e-06
0.923335 0.648827 1.0608070576100591e-06
0.923335 0.694326 9.8108522041095156e-07
0.923335 0.737550 9.0236133711600272e-07
0.923335 0.778613 8.2646380904271497e-07
0.923335 0.817623 7.5443653888858766e-07
0.923335 0.854683 6.8670010699448602e-07
0.923335 0.889889 6.2323202299986366e-07
0.923335 0.923335 5.6401874159624357e-07

