0 0
0.057203370255 0.016417866923
0.144532332710 0.004990642971
0.196618691682 0.002955549051
0.237058450989 0.002237323066
0.272023969853 0.001843888009
0.303543456470 0.001566310953
0.332634526205 0.001364569606
0.359888579750 0.001193879612
0.385702118575 0.001055845888
0.410342898528 0.000930020408
0.434016763730 0.000821799577
0.456874296742 0.000720283497
0.479043261080 0.000628733372
0.500623792694 0.000542373852
0.521708168513 0.000460977890
0.542374990785 0.000384629955
0.562701932632 0.000309330554
0.582762319807 0.000239315518
0.602632778141 0.000166835999
0.622393959189 0.000099720879
0.642134100214 0.000026528150
0.661955592276 -0.000041896367
0.681975828131 -0.000120838764
0.702342712160 -0.000197272229
0.723236730256 -0.000291238582
0.744904284025 -0.000389549908
0.767676804934 -0.000520990570
0.792060601858 -0.000680903881
0.818871004264 -0.000931035306
0.849734200147 -0.001359322675
0.889423265624 -0.002615362472
0.956210845959 -0.009465356610
1 0