1.000000000000 0.011310822490
2.000000000000 0.014201108221
3.000000000000 0.013988504813
4.000000000000 0.014489623721
5.000000000000 0.014136426097
6.000000000000 0.014199176590
7.000000000000 0.013841573479
8.000000000000 0.013771273021
9.000000000000 0.013438424554
10.000000000000 0.013321114869
11.000000000000 0.013017979428
12.000000000000 0.012885038076
13.000000000000 0.012610221170
14.000000000000 0.012474643646
15.000000000000 0.012225175757
16.000000000000 0.012092648865
17.000000000000 0.011865413745
18.000000000000 0.011738402053
19.000000000000 0.011530560865
20.000000000000 0.011410014324
21.000000000000 0.011219102305
22.000000000000 0.011105234049
23.000000000000 0.010929148974
24.000000000000 0.010821811858
25.000000000000 0.010658770416
26.000000000000 0.010557647147
27.000000000000 0.010406136190
28.000000000000 0.010310837876
29.000000000000 0.010169569668
30.000000000000 0.010079687416
31.000000000000 0.009947561354
32.000000000000 0.009862693032
33.000000000000 0.009738763865
34.000000000000 0.009658527422
35.000000000000 0.009541979211
36.000000000000 0.009466018661
37.000000000000 0.009356143530
38.000000000000 0.009284130907
39.000000000000 0.009180311708
40.000000000000 0.009111946858
41.000000000000 0.009013643000
42.000000000000 0.008948652254
43.000000000000 0.008855388069
44.000000000000 0.008793522377
45.000000000000 0.008704877533
46.000000000000 0.008645910415
47.000000000000 0.008561511974
48.000000000000 0.008505237456
49.000000000000 0.008424753259
50.000000000000 0.008370983901
51.000000000000 0.008294117046
52.000000000000 0.008242682101
53.000000000000 0.008169166293
54.000000000000 0.008119910035
55.000000000000 0.008049505659
56.000000000000 0.008002285866
57.000000000000 0.007934776662
58.000000000000 0.007889463250
59.000000000000 0.007824653475
60.000000000000 0.007781127280
61.000000000000 0.007718839281
62.000000000000 0.007676990978
63.000000000000 0.007617063108
64.000000000000 0.007576792236
65.000000000000 0.007519077052
66.000000000000 0.007480291159
67.000000000000 0.007424653869
68.000000000000 0.007387267740
69.000000000000 0.007333584848
70.000000000000 0.007297519825
71.000000000000 0.007245677950
72.000000000000 0.007210861321
73.000000000000 0.007160756167
74.000000000000 0.007127120622
75.000000000000 0.007078656072
76.000000000000 0.007046139215
77.000000000000 0.006999226532
78.000000000000 0.006967770448
79.000000000000 0.006922327572
80.000000000000 0.006891878435
81.000000000000 0.006847829359
82.000000000000 0.006818337080
83.000000000000 0.006775611296
84.000000000000 0.006747029208
85.000000000000 0.006705561215
86.000000000000 0.006677845790
87.000000000000 0.006637574653
88.000000000000 0.006610685239
89.000000000000 0.006571554197
90.000000000000 0.006545452794
91.000000000000 0.006507408904
92.000000000000 0.006482059946
93.000000000000 0.006445053769
94.000000000000 0.006420423938
95.000000000000 0.006384409249
96.000000000000 0.006360467300
97.000000000000 0.006325400832
98.000000000000 0.006302117433
99.000000000000 0.006267958646
100.000000000000 0.006245306237
101.000000000000 0.006212017100
102.000000000000 0.006189969762
103.000000000000 0.006157514567
104.000000000000 0.006136047898
105.000000000000 0.006104393081
106.000000000000 0.006083484090
107.000000000000 0.006052598075
108.000000000000 0.006032225080
109.000000000000 0.006002078130
110.000000000000 0.005982220666
111.000000000000 0.005952784752
112.000000000000 0.005933423488
113.000000000000 0.005904672167
114.000000000000 0.005885788824
115.000000000000 0.005857697127
116.000000000000 0.005839274411
117.000000000000 0.005811818742
118.000000000000 0.005793840274
119.000000000000 0.005766998314
120.000000000000 0.005749448571
121.000000000000 0.005723199193
122.000000000000 0.005706063452
123.000000000000 0.005680386639
124.000000000000 0.005663650925
125.000000000000 0.005638527699
126.000000000000 0.005622178735
127.000000000000 0.005597591088
128.000000000000 0.005581616253
129.000000000000 0.005557547082
130.000000000000 0.005541934370
131.000000000000 0.005518367422
132.000000000000 0.005503105400
133.000000000000 0.005480025216
134.000000000000 0.005465102993
135.000000000000 0.005442494859
136.000000000000 0.005427902052
137.000000000000 0.005405751952
138.000000000000 0.005391478652
139.000000000000 0.005369773226
140.000000000000 0.005355809974
141.000000000000 0.005334536478
142.000000000000 0.005320874235
143.000000000000 0.005300020504
144.000000000000 0.005286650629
145.000000000000 0.005266205038
146.000000000000 0.005253119264
147.000000000000 0.005233070704
148.000000000000 0.005220261116
149.000000000000 0.005200598956
150.000000000000 0.005188057972
151.000000000000 0.005168772036
152.000000000000 0.005156492386
153.000000000000 0.005137572927
154.000000000000 0.005125547638
155.000000000000 0.005106985308
156.000000000000 0.005095207689
157.000000000000 0.005076993523
158.000000000000 0.005065457145
159.000000000000 0.005047582535
160.000000000000 0.005036281221
161.000000000000 0.005018737899
162.000000000000 0.005007665707
163.000000000000 0.004990445727
164.000000000000 0.004979596940
165.000000000000 0.004962692656
166.000000000000 0.004952061771
167.000000000000 0.004935465823
168.000000000000 0.004925047538
169.000000000000 0.004908752841
170.000000000000 0.004898542043
171.000000000000 0.004882541765
172.000000000000 0.004872533526
173.000000000000 0.004856821080
174.000000000000 0.004847010641
175.000000000000 0.004831579671
176.000000000000 0.004821962439
177.000000000000 0.004806806806
178.000000000000 0.004797378344
179.000000000000 0.004782492119
180.000000000000 0.004773248135
181.000000000000 0.004758625585
182.000000000000 0.004749561930
183.000000000000 0.004735197510
184.000000000000 0.004726310170
185.000000000000 0.004712198512
186.000000000000 0.004703483598
187.000000000000 0.004689619505
188.000000000000 0.004681073254
189.000000000000 0.004667451689
190.000000000000 0.004659070449
191.000000000000 0.004645686530
192.000000000000 0.004637466764
193.000000000000 0.004624315753
194.000000000000 0.004616254029
195.000000000000 0.004603331330
196.000000000000 0.004595424315
197.000000000000 0.004582725463
198.000000000000 0.004574969924
199.000000000000 0.004562490582
200.000000000000 0.004554883375
201.000000000000 0.004542619328
202.000000000000 0.004535157400
203.000000000000 0.004523104546
204.000000000000 0.004515784928
205.000000000000 0.004503939279
206.000000000000 0.004496759082
207.000000000000 0.004485116754
208.000000000000 0.004478073169
209.000000000000 0.004466630380
210.000000000000 0.004459720669
211.000000000000 0.004448473735
212.000000000000 0.004441695234
213.000000000000 0.004430640562
214.000000000000 0.004423990676
215.000000000000 0.004413124764
216.000000000000 0.004406600962
217.000000000000 0.004395920392
218.000000000000 0.004389520208
219.000000000000 0.004379021647
220.000000000000 0.004372742675
221.000000000000 0.004362422866
222.000000000000 0.004356262759
223.000000000000 0.004346118521
224.000000000000 0.004340074988
225.000000000000 0.004330103216
226.000000000000 0.004324174021
227.000000000000 0.004314371677
228.000000000000 0.004308554635
229.000000000000 0.004298918750
230.000000000000 0.004293211728
231.000000000000 0.004283739398
232.000000000000 0.004278140310
233.000000000000 0.004268828694
234.000000000000 0.004263335504
235.000000000000 0.004254181821
236.000000000000 0.004248792534
237.000000000000 0.004239794064
238.000000000000 0.004234506732
239.000000000000 0.004225660807
240.000000000000 0.004220473524
241.000000000000 0.004211777534
242.000000000000 0.004206688434
243.000000000000 0.004198139822
244.000000000000 0.004193147079
245.000000000000 0.004184743337
246.000000000000 0.004179845164
247.000000000000 0.004171583835
248.000000000000 0.004166778481
249.000000000000 0.004158657156
250.000000000000 0.004153942908
251.000000000000 0.004145959224
252.000000000000 0.004141334401
253.000000000000 0.004133486040
254.000000000000 0.004128948998
255.000000000000 0.004121233687
256.000000000000 0.004116782814
257.000000000000 0.004109198319
258.000000000000 0.004104832034
259.000000000000 0.004097376167
260.000000000000 0.004093092922
261.000000000000 0.004085763532
262.000000000000 0.004081561806
263.000000000000 0.004074356783
264.000000000000 0.004070235088
265.000000000000 0.004063152357
266.000000000000 0.004059109232
267.000000000000 0.004052146759
268.000000000000 0.004048180771
269.000000000000 0.004041336554
270.000000000000 0.004037446297
271.000000000000 0.004030718373
272.000000000000 0.004026902467
273.000000000000 0.004020288904
274.000000000000 0.004016545996
275.000000000000 0.004010044898
276.000000000000 0.004006373660
277.000000000000 0.003999983161
278.000000000000 0.003996382288
279.000000000000 0.003990100557
280.000000000000 0.003986568769
281.000000000000 0.003980394004
282.000000000000 0.003976930045
283.000000000000 0.003970860474
284.000000000000 0.003967463110
285.000000000000 0.003961496992
286.000000000000 0.003958165013
287.000000000000 0.003952300635
288.000000000000 0.003949032850
289.000000000000 0.003943268529
290.000000000000 0.003940063770
291.000000000000 0.003934397850
292.000000000000 0.003931254970
293.000000000000 0.003925685822
294.000000000000 0.003922603693
295.000000000000 0.003917129717
296.000000000000 0.003914107233
297.000000000000 0.003908726850
298.000000000000 0.003905762924
299.000000000000 0.003900474586
300.000000000000 0.003897568149
301.000000000000 0.003892370332
302.000000000000 0.003889520335
303.000000000000 0.003884411537
304.000000000000 0.003881616949
305.000000000000 0.003876595695
306.000000000000 0.003873855504
307.000000000000 0.003868920341
308.000000000000 0.003866233551
309.000000000000 0.003861383052
310.000000000000 0.003858748685
311.000000000000 0.003853981443
312.000000000000 0.003851398539
313.000000000000 0.003846713171
314.000000000000 0.003844180786
315.000000000000 0.003839575930
316.000000000000 0.003837093136
317.000000000000 0.003832567454
318.000000000000 0.003830133340
319.000000000000 0.003825685513
320.000000000000 0.003823299183
321.000000000000 0.003818927914
322.000000000000 0.003816588487
323.000000000000 0.003812292500
324.000000000000 0.003809999113
325.000000000000 0.003805777151
326.000000000000 0.003803528953
327.000000000000 0.003799379781
328.000000000000 0.003797175936
329.000000000000 0.003793098338
330.000000000000 0.003790938026
331.000000000000 0.003786930803
332.000000000000 0.003784813217
333.000000000000 0.003780875193
334.000000000000 0.003778799541
335.000000000000 0.003774929555
336.000000000000 0.003772895057
337.000000000000 0.003769091969
338.000000000000 0.003767097861
339.000000000000 0.003763360548
340.000000000000 0.003761406076
341.000000000000 0.003757733433
342.000000000000 0.003755817859
343.000000000000 0.003752208799
344.000000000000 0.003750331397
345.000000000000 0.003746784848
346.000000000000 0.003744944904
347.000000000000 0.003741459815
348.000000000000 0.003739656627
349.000000000000 0.003736231961
350.000000000000 0.003734464841
351.000000000000 0.003731099578
352.000000000000 0.003729367848
353.000000000000 0.003726060985
354.000000000000 0.003724359996
355.000000000000 0.003721106783
356.000000000000 0.003719436647
357.000000000000 0.003716239034
358.000000000000 0.003714601237
359.000000000000 0.003711458664
360.000000000000 0.003709853025
361.000000000000 0.003706764696
362.000000000000 0.003705190789
363.000000000000 0.003702155848
364.000000000000 0.003700613172
365.000000000000 0.003697630748
366.000000000000 0.003696118772
367.000000000000 0.003693187997
368.000000000000 0.003691706178
369.000000000000 0.003688826189
370.000000000000 0.003687373984
371.000000000000 0.003684543926
372.000000000000 0.003683120792
373.000000000000 0.003680339823
374.000000000000 0.003678945225
375.000000000000 0.003676212513
376.000000000000 0.003674845918
377.000000000000 0.003672160645
378.000000000000 0.003670821529
379.000000000000 0.003668182888
380.000000000000 0.003666870735
381.000000000000 0.003664277931
382.000000000000 0.003662992233
383.000000000000 0.003660444484
384.000000000000 0.003659184739
385.000000000000 0.003656681276
386.000000000000 0.003655446991
387.000000000000 0.003652987058
388.000000000000 0.003651777748
389.000000000000 0.003649360598
390.000000000000 0.003648175788
391.000000000000 0.003645800689
392.000000000000 0.003644639909
393.000000000000 0.003642306139
394.000000000000 0.003641168929
395.000000000000 0.003638875779
396.000000000000 0.003637761686
397.000000000000 0.003635508459
398.000000000000 0.003634417039
399.000000000000 0.003632203047
400.000000000000 0.003631133863
401.000000000000 0.003631133863