1.000000000000 0.010752388497
2.000000000000 0.009429776210
3.000000000000 0.008676797504
4.000000000000 0.008040706664
5.000000000000 0.007569504989
6.000000000000 0.007151327482
7.000000000000 0.006814136575
8.000000000000 0.006507271689
9.000000000000 0.006248359045
10.000000000000 0.006009017163
11.000000000000 0.005801196176
12.000000000000 0.005606983265
13.000000000000 0.005434958451
14.000000000000 0.005272889038
15.000000000000 0.005127219136
16.000000000000 0.004989106753
17.000000000000 0.004863568542
18.000000000000 0.004743931595
19.000000000000 0.004634216200
20.000000000000 0.004529212558
21.000000000000 0.004432219978
22.000000000000 0.004339058015
23.000000000000 0.004252488240
24.000000000000 0.004169079742
25.000000000000 0.004091182589
26.000000000000 0.004015927510
27.000000000000 0.003945342666
28.000000000000 0.003876989968
29.000000000000 0.003812640927
30.000000000000 0.003750195437
31.000000000000 0.003691216973
32.000000000000 0.003633875182
33.000000000000 0.003579562448
34.000000000000 0.003526667140
35.000000000000 0.003476439129
36.000000000000 0.003427446615
37.000000000000 0.003380819414
38.000000000000 0.003335275423
39.000000000000 0.003291842303
40.000000000000 0.003249363948
41.000000000000 0.003208780313
42.000000000000 0.003169042402
43.000000000000 0.003131014259
44.000000000000 0.003093738761
45.000000000000 0.003058013770
46.000000000000 0.003022961613
47.000000000000 0.002989322065
48.000000000000 0.002956286667
49.000000000000 0.002924543904
50.000000000000 0.002893346019
51.000000000000 0.002863335954
52.000000000000 0.002833819513
53.000000000000 0.002805398991
54.000000000000 0.002777427721
55.000000000000 0.002750471535
56.000000000000 0.002723926161
57.000000000000 0.002698324579
58.000000000000 0.002673100506
59.000000000000 0.002648757194
60.000000000000 0.002624762557
61.000000000000 0.002601592830
62.000000000000 0.002578746837
63.000000000000 0.002556676166
64.000000000000 0.002534907683
65.000000000000 0.002513870406
66.000000000000 0.002493116739
67.000000000000 0.002473054954
68.000000000000 0.002453260790
69.000000000000 0.002434123382
70.000000000000 0.002415239866
71.000000000000 0.002396981660
72.000000000000 0.002378965581
73.000000000000 0.002361546593
74.000000000000 0.002344359675
75.000000000000 0.002327744451
76.000000000000 0.002311352714
77.000000000000 0.002295509744
78.000000000000 0.002279882948
79.000000000000 0.002264784145
80.000000000000 0.002249895286
81.000000000000 0.002235515521
82.000000000000 0.002221340389
83.000000000000 0.002207657075
84.000000000000 0.002194173858
85.000000000000 0.002181166582
86.000000000000 0.002168355506
87.000000000000 0.002156005697
88.000000000000 0.002143848714
89.000000000000 0.002132139351
90.000000000000 0.002120619858
91.000000000000 0.002109535203
92.000000000000 0.002098637788
93.000000000000 0.002088163157
94.000000000000 0.002077873377
95.000000000000 0.002067994933
96.000000000000 0.002058299119
97.000000000000 0.002049003686
98.000000000000 0.002039888770
99.000000000000 0.002031163679
100.000000000000 0.002022617042
101.000000000000 0.002014449988
102.000000000000 0.002006459330
103.000000000000 0.001998838257
104.000000000000 0.001991391482
105.000000000000 0.001984304478
106.000000000000 0.001977389605
107.000000000000 0.001970824816
108.000000000000 0.001964429896
109.000000000000 0.001958375460
110.000000000000 0.001952488511
111.000000000000 0.001946932498
112.000000000000 0.001941541459
113.000000000000 0.001936471831
114.000000000000 0.001931564519
115.000000000000 0.001926969098
116.000000000000 0.001922533183
117.000000000000 0.001918399629
118.000000000000 0.001914422619
119.000000000000 0.001910738420
120.000000000000 0.001907207651
121.000000000000 0.001903960122
122.000000000000 0.001900862761
123.000000000000 0.001898039044
124.000000000000 0.001895362095
125.000000000000 0.001892949177
126.000000000000 0.001890679495
127.000000000000 0.001888664221
128.000000000000 0.001886788532
129.000000000000 0.001885157625
130.000000000000 0.001883662550
131.000000000000 0.001882402641
132.000000000000 0.001881274717
133.000000000000 0.001880372370
134.000000000000 0.001879598085
135.000000000000 0.001879039827
136.000000000000 0.001878605649
137.000000000000 0.001878378001
138.000000000000 0.001878270407
139.000000000000 0.001878359919
140.000000000000 0.001878565430
141.000000000000 0.001878958709
142.000000000000 0.001879463919
143.000000000000 0.001880147664
144.000000000000 0.001880939273
145.000000000000 0.001881900302
146.000000000000 0.001882965147
147.000000000000 0.001884190430
148.000000000000 0.001885515510
149.000000000000 0.001886992194
150.000000000000 0.001888564701
151.000000000000 0.001890280136
152.000000000000 0.001892087476
153.000000000000 0.001894029242
154.000000000000 0.001896059060
155.000000000000 0.001898214984
156.000000000000 0.001900455183
157.000000000000 0.001902813361
158.000000000000 0.001905252123
159.000000000000 0.001907800937
160.000000000000 0.001910426735
161.000000000000 0.001913154866
162.000000000000 0.001915956481
163.000000000000 0.001918789611
164.000000000000 0.001921537897
165.000000000000 0.001924332302
166.000000000000 0.001927156690
167.000000000000 0.001930038317
168.000000000000 0.001932962289
169.000000000000 0.001935943309
170.000000000000 0.001938969284
171.000000000000 0.001942049019
172.000000000000 0.001945173752
173.000000000000 0.001948347861
174.000000000000 0.001951566052
175.000000000000 0.001954828822
176.000000000000 0.001958134347
177.000000000000 0.001961479526
178.000000000000 0.001964865955
179.000000000000 0.001968287123
180.000000000000 0.001971747971
181.000000000000 0.001975238727
182.000000000000 0.001978767589
183.000000000000 0.001982321647
184.000000000000 0.001985912271
185.000000000000 0.001989523523
186.000000000000 0.001993169854
187.000000000000 0.001996832400
188.000000000000 0.002000528603
189.000000000000 0.002004236772
190.000000000000 0.002007977246
191.000000000000 0.002011725605
192.000000000000 0.002015504992
193.000000000000 0.002019288347
194.000000000000 0.002023101532
195.000000000000 0.002026914934
196.000000000000 0.002030757045
197.000000000000 0.002034595783
198.000000000000 0.002038462186
199.000000000000 0.002042321787
200.000000000000 0.002046208083
201.000000000000 0.002050084302
202.000000000000 0.002053986319
203.000000000000 0.002057875137
204.000000000000 0.002061788927
205.000000000000 0.002065686541
206.000000000000 0.002069608369
207.000000000000 0.002073511187
208.000000000000 0.002077437527
209.000000000000 0.002081342161
210.000000000000 0.002085269684
211.000000000000 0.002089172939
212.000000000000 0.002093098512
213.000000000000 0.002096997382
214.000000000000 0.002100918055
215.000000000000 0.002104809714
216.000000000000 0.002108722714
217.000000000000 0.002112604507
218.000000000000 0.002116507232
219.000000000000 0.002120376672
220.000000000000 0.002124266681
221.000000000000 0.002128121438
222.000000000000 0.002131996446
223.000000000000 0.002135834341
224.000000000000 0.002139692212
225.000000000000 0.002143511211
226.000000000000 0.002147349950
227.000000000000 0.002151148154
228.000000000000 0.002154965903
229.000000000000 0.002158741547
230.000000000000 0.002162536573
231.000000000000 0.002166288016
232.000000000000 0.002170058714
233.000000000000 0.002173784433
234.000000000000 0.002177529310
235.000000000000 0.002181227896
236.000000000000 0.002184945572
237.000000000000 0.002188615725
238.000000000000 0.002192304926
239.000000000000 0.002195945445
240.000000000000 0.002199604996
241.000000000000 0.002203214779
242.000000000000 0.002206843602
243.000000000000 0.002210421639
244.000000000000 0.002214018744
245.000000000000 0.002217564112
246.000000000000 0.002221128597
247.000000000000 0.002224640455
248.000000000000 0.002228171498
249.000000000000 0.002231649085
250.000000000000 0.002235145941
251.000000000000 0.002238588569
252.000000000000 0.002242050566
253.000000000000 0.002245457618
254.000000000000 0.002248884153
255.000000000000 0.002252255078
256.000000000000 0.002255645612
257.000000000000 0.002258979922
258.000000000000 0.002262333980
259.000000000000 0.002265631247
260.000000000000 0.002268948410
261.000000000000 0.002272208260
262.000000000000 0.002275488167
263.000000000000 0.002278710281
264.000000000000 0.002281952618
265.000000000000 0.002285136726
266.000000000000 0.002288341234
267.000000000000 0.002291487113
268.000000000000 0.002294653574
269.000000000000 0.002297761046
270.000000000000 0.002300889288
271.000000000000 0.002303958215
272.000000000000 0.002307048107
273.000000000000 0.002310078393
274.000000000000 0.002313129840
275.000000000000 0.002316121424
276.000000000000 0.002319134371
277.000000000000 0.002322087226
278.000000000000 0.002325061649
279.000000000000 0.002327975782
280.000000000000 0.002330911691
281.000000000000 0.002333787139
282.000000000000 0.002336684573
283.000000000000 0.002339521401
284.000000000000 0.002342380426
285.000000000000 0.002345178727
286.000000000000 0.002347999437
287.000000000000 0.002350759327
288.000000000000 0.002353541840
289.000000000000 0.002356263461
290.000000000000 0.002359007917
291.000000000000 0.002361691431
292.000000000000 0.002364397993
293.000000000000 0.002367043583
294.000000000000 0.002369712433
295.000000000000 0.002372320301
296.000000000000 0.002374951640
297.000000000000 0.002377522004
298.000000000000 0.002380116049
299.000000000000 0.002382649146
300.000000000000 0.002385206133
301.000000000000 0.002387702213
302.000000000000 0.002390222390
303.000000000000 0.002392681718
304.000000000000 0.002395165348
305.000000000000 0.002397588202
306.000000000000 0.002400035559
307.000000000000 0.002402422229
308.000000000000 0.002404833602
309.000000000000 0.002407184388
310.000000000000 0.002409560074
311.000000000000 0.002411875287
312.000000000000 0.002414215593
313.000000000000 0.002416495553
314.000000000000 0.002418800797
315.000000000000 0.002421045832
316.000000000000 0.002423316338
317.000000000000 0.002425526783
318.000000000000 0.002427762884
319.000000000000 0.002429939083
320.000000000000 0.002432141118
321.000000000000 0.002434283418
322.000000000000 0.002436451732
323.000000000000 0.002438560488
324.000000000000 0.002440695431
325.000000000000 0.002442771002
326.000000000000 0.002444872931
327.000000000000 0.002446915680
328.000000000000 0.002448984953
329.000000000000 0.002450995248
330.000000000000 0.002453032229
331.000000000000 0.002455010440
332.000000000000 0.002457015495
333.000000000000 0.002458961995
334.000000000000 0.002460935493
335.000000000000 0.002462850658
336.000000000000 0.002464792971
337.000000000000 0.002466677176
338.000000000000 0.002468588677
339.000000000000 0.002470442303
340.000000000000 0.002472323367
341.000000000000 0.002474146793
342.000000000000 0.002475997794
343.000000000000 0.002477791401
344.000000000000 0.002479612716
345.000000000000 0.002481376884
346.000000000000 0.002483168890
347.000000000000 0.002484904000
348.000000000000 0.002486667074
349.000000000000 0.002488373506
350.000000000000 0.002490108025
351.000000000000 0.002491786159
352.000000000000 0.002493492498
353.000000000000 0.002495142714
354.000000000000 0.002496821247
355.000000000000 0.002498443923
356.000000000000 0.002500095025
357.000000000000 0.002501690538
358.000000000000 0.002503314582
359.000000000000 0.002504883306
360.000000000000 0.002506480664
361.000000000000 0.002508022973
362.000000000000 0.002509594013
363.000000000000 0.002511110280
364.000000000000 0.002512655371
365.000000000000 0.002514145965
366.000000000000 0.002515665471
367.000000000000 0.002517130760
368.000000000000 0.002518625046
369.000000000000 0.002520065394
370.000000000000 0.002521534821
371.000000000000 0.002522950590
372.000000000000 0.002524395517
373.000000000000 0.002525787068
374.000000000000 0.002527207851
375.000000000000 0.002528575541
376.000000000000 0.002529972532
377.000000000000 0.002531316715
378.000000000000 0.002532690266
379.000000000000 0.002534011294
380.000000000000 0.002535361752
381.000000000000 0.002536659973
382.000000000000 0.002537987682
383.000000000000 0.002539263440
384.000000000000 0.002540568743
385.000000000000 0.002541822381
386.000000000000 0.002543105615
387.000000000000 0.002544337471
388.000000000000 0.002545598972
389.000000000000 0.002546809381
390.000000000000 0.002548049480
391.000000000000 0.002549238774
392.000000000000 0.002550457799
393.000000000000 0.002551626306
394.000000000000 0.002552824583
395.000000000000 0.002553972628
396.000000000000 0.002555150478
397.000000000000 0.002556278382
398.000000000000 0.002557436123
399.000000000000 0.002558544204
400.000000000000 0.002559682150
401.000000000000 0.002559682150