0 0
0.027269342412 0.003654512568
0.077076759766 0.002425751020
0.118602544507 0.001643160958
0.154661552668 0.001246984539
0.187529653151 0.000985642692
0.218234056841 0.000795482311
0.247327581501 0.000638181377
0.275187947552 0.000511509580
0.302064542871 0.000395465065
0.328154588529 0.000296938804
0.353598847691 0.000201671121
0.378521148701 0.000117658224
0.403015743420 0.000034342541
0.427171279181 -0.000041858189
0.451061087579 -0.000117958235
0.474756340145 -0.000190327985
0.498322734737 -0.000262388323
0.521824410083 -0.000333813585
0.545328341090 -0.000404573976
0.568899984299 -0.000477718625
0.592615948129 -0.000550232730
0.616552581866 -0.000628318130
0.640807451478 -0.000706859622
0.665483088002 -0.000794914221
0.690718989535 -0.000886829942
0.716675671651 -0.000994729537
0.743585399832 -0.001115866729
0.771762034452 -0.001269598307
0.801643379611 -0.001460438277
0.834159627741 -0.001772786940
0.875103539308 -0.003103579849
0.949474055377 -0.012712237787
1 0