0 0
0.100079290983 0.051661889809
0.280222014753 0.030163604711
0.424336193769 0.016855978421
0.539627536982 0.010030096348
0.631860611552 0.006757926487
0.705647071208 0.005128235879
0.764676238933 0.004186132104
0.811899573113 0.003521786116
0.849678240457 0.002980006658
0.879901174332 0.002509627843
0.904079521432 0.002096428076
0.923422199113 0.001736580206
0.938896341257 0.001427552370
0.951275654972 0.001165780678
0.961179105944 0.000946625477
0.969101866722 0.000764889899
0.975440075344 0.000615322659
0.980510642242 0.000492962554
0.984567095760 0.000393328888
0.987812258575 0.000312498998
0.990408388826 0.000247113904
0.992485293028 0.000194343192
0.994146816389 0.000151830062
0.995476035078 0.000117629549
0.996539410029 0.000090147439
0.997390109990 0.000068083821
0.998070669958 0.000050383032
0.998615117933 0.000036190459
0.999050676313 0.000024815953
0.999399123017 0.000015703260
0.999677880380 0.000008404729
0.999900886271 0.000002560541
1 0