0 0
0.012167104435 0.000715207388
0.042384125188 0.001547731935
0.074408802816 0.000860828564
0.106255099512 0.001389444565
0.138321639233 0.000780639846
0.170739211068 0.001273865374
0.201359648660 0.000461682270
0.231029145733 0.000938302778
0.260507778534 0.000325979856
0.291617504840 0.000897560539
0.325333343904 0.000392688640
0.364742598929 0.001128705377
0.413257827647 0.000791716817
0.481127715967 0.001379636818
0.549328891104 0.001000137910
0.599019814343 0.000490509201
0.634906967718 0.001208626414
0.661646932348 0.000690113518
0.685499936016 0.001081031211
0.706677291305 0.000591009849
0.728711006999 0.000821042746
0.750682766060 0.000315471037
0.775881979436 0.000347191218
0.801902014478 -0.000073397718
0.830666567383 -0.000231000635
0.856741697920 -0.000056886762
0.880373286456 -0.000198549803
0.901993750671 -0.000069967109
0.925085006209 -0.000583643902
0.953456502251 -0.000918142684
0.977842539960 -0.000354142230
0.993636155896 -0.000175914401
1 0