1.000000000000 0.011310822490
2.000000000000 0.007488652904
3.000000000000 0.005910339140
4.000000000000 0.005096487113
5.000000000000 0.007594937486
6.000000000000 0.004787577642
7.000000000000 0.003684326848
8.000000000000 0.003621644785
9.000000000000 0.003393420032
10.000000000000 0.003133067092
11.000000000000 0.003161760835
12.000000000000 0.002767774186
13.000000000000 0.003197697363
14.000000000000 0.002775284361
15.000000000000 0.002964704850
16.000000000000 0.002638755039
17.000000000000 0.002701864342
18.000000000000 0.002528992796
19.000000000000 0.002487576769
20.000000000000 0.002526372509
21.000000000000 0.002347868854
22.000000000000 0.002495328532
23.000000000000 0.002388608395
24.000000000000 0.002595970464
25.000000000000 0.002193731935
26.000000000000 0.002319198167
27.000000000000 0.002259802572
28.000000000000 0.002219694965
29.000000000000 0.002005481922
30.000000000000 0.001999751981
31.000000000000 0.002141899527
32.000000000000 0.001922254570
33.000000000000 0.001994525758
34.000000000000 0.001820693256
35.000000000000 0.001938416626
36.000000000000 0.001739385046
37.000000000000 0.001849110834
38.000000000000 0.001691328726
39.000000000000 0.001778768187
40.000000000000 0.001713280224
41.000000000000 0.001721392060
42.000000000000 0.001657181348
43.000000000000 0.001638219064
44.000000000000 0.001756861052
45.000000000000 0.001690530556
46.000000000000 0.001642961497
47.000000000000 0.001523242715
48.000000000000 0.001652798085
49.000000000000 0.001530193313
50.000000000000 0.001562481076
51.000000000000 0.001496906957
52.000000000000 0.001542127479
53.000000000000 0.001460735861
54.000000000000 0.001450786061
55.000000000000 0.001455307833
56.000000000000 0.001418047729
57.000000000000 0.001491507066
58.000000000000 0.001387710910
59.000000000000 0.001419855300
60.000000000000 0.001329566101
61.000000000000 0.001438291654
62.000000000000 0.001286158595
63.000000000000 0.001365809578
64.000000000000 0.001282834093
65.000000000000 0.001357638996
66.000000000000 0.001229486782
67.000000000000 0.001286302489
68.000000000000 0.001239613354
69.000000000000 0.001235274173
70.000000000000 0.001236473187
71.000000000000 0.001228921929
72.000000000000 0.001210132184
73.000000000000 0.001168683103
74.000000000000 0.001230441276
75.000000000000 0.001147809605
76.000000000000 0.001184746619
77.000000000000 0.001100757706
78.000000000000 0.001186872007
79.000000000000 0.001107736546
80.000000000000 0.001137591536
81.000000000000 0.001073499067
82.000000000000 0.001132039665
83.000000000000 0.001083255995
84.000000000000 0.001070767145
85.000000000000 0.001052858274
86.000000000000 0.001034516348
87.000000000000 0.001096075872
88.000000000000 0.001001719340
89.000000000000 0.001052846624
90.000000000000 0.001002077819
91.000000000000 0.001046746760
92.000000000000 0.000965346493
93.000000000000 0.001034325919
94.000000000000 0.000968556679
95.000000000000 0.001055850101
96.000000000000 0.000958010706
97.000000000000 0.001025762207
98.000000000000 0.000961430574
99.000000000000 0.001025513087
100.000000000000 0.000925871914
101.000000000000 0.000956825358
102.000000000000 0.000946497111
103.000000000000 0.000947826034
104.000000000000 0.000931670158
105.000000000000 0.000915323575
106.000000000000 0.000923123655
107.000000000000 0.000910164516
108.000000000000 0.000912088962
109.000000000000 0.000877596163
110.000000000000 0.000919210295
111.000000000000 0.000894323312
112.000000000000 0.000911104425
113.000000000000 0.000860439204
114.000000000000 0.000906384584
115.000000000000 0.000869344830
116.000000000000 0.000889177219
117.000000000000 0.000854205956
118.000000000000 0.000873147179
119.000000000000 0.000853506465
120.000000000000 0.000861398603
121.000000000000 0.000838950420
122.000000000000 0.000848379519
123.000000000000 0.000843207535
124.000000000000 0.000843336899
125.000000000000 0.000829655828
126.000000000000 0.000811253239
127.000000000000 0.000856827505
128.000000000000 0.000810143884
129.000000000000 0.000779333381
130.000000000000 0.000778151205
131.000000000000 0.000803954049
132.000000000000 0.000792551613
133.000000000000 0.000815103264
134.000000000000 0.000737549430
135.000000000000 0.000777537781
136.000000000000 0.000827625264
137.000000000000 0.000795178071
138.000000000000 0.000762779504
139.000000000000 0.000813956085
140.000000000000 0.000778011089
141.000000000000 0.000900927958
142.000000000000 0.000795316605
143.000000000000 0.000944671640
144.000000000000 0.000800664017
145.000000000000 0.000909819623
146.000000000000 0.000792818378
147.000000000000 0.000919369401
148.000000000000 0.000803839791
149.000000000000 0.000921420130
150.000000000000 0.000776157026
151.000000000000 0.000805786486
152.000000000000 0.000758664879
153.000000000000 0.000781997157
154.000000000000 0.000740560099
155.000000000000 0.000779172383
156.000000000000 0.000756676242
157.000000000000 0.000816271907
158.000000000000 0.000769709080
159.000000000000 0.000857924379
160.000000000000 0.000776816589
161.000000000000 0.000847552451
162.000000000000 0.000773397457
163.000000000000 0.000791655725
164.000000000000 0.000782222294
165.000000000000 0.000782072705
166.000000000000 0.000755011987
167.000000000000 0.000782338537
168.000000000000 0.000772012849
169.000000000000 0.000803318784
170.000000000000 0.000805337810
171.000000000000 0.000809546053
172.000000000000 0.000780674623
173.000000000000 0.000827752869
174.000000000000 0.000783417789
175.000000000000 0.000813399870
176.000000000000 0.000804457782
177.000000000000 0.000827933518
178.000000000000 0.000803010084
179.000000000000 0.000809172819
180.000000000000 0.000822348832
181.000000000000 0.000827117608
182.000000000000 0.000790105143
183.000000000000 0.000805331590
184.000000000000 0.000805206893
185.000000000000 0.000825335012
186.000000000000 0.000821258159
187.000000000000 0.000807051523
188.000000000000 0.000804222556
189.000000000000 0.000823443035
190.000000000000 0.000806435824
191.000000000000 0.000803158586
192.000000000000 0.000836844170
193.000000000000 0.000820205017
194.000000000000 0.000820289235
195.000000000000 0.000797319159
196.000000000000 0.000824221684
197.000000000000 0.000808916520
198.000000000000 0.000823931746
199.000000000000 0.000790160625
200.000000000000 0.000822411355
201.000000000000 0.000818433520
202.000000000000 0.000826145170
203.000000000000 0.000783337869
204.000000000000 0.000837618208
205.000000000000 0.000812621404
206.000000000000 0.000831228804
207.000000000000 0.000777355964
208.000000000000 0.000839713931
209.000000000000 0.000796242129
210.000000000000 0.000834033780
211.000000000000 0.000776112125
212.000000000000 0.000832083347
213.000000000000 0.000798295185
214.000000000000 0.000825847396
215.000000000000 0.000772492626
216.000000000000 0.000818957584
217.000000000000 0.000792503902
218.000000000000 0.000796986464
219.000000000000 0.000766414003
220.000000000000 0.000816940990
221.000000000000 0.000778734614
222.000000000000 0.000993051362
223.000000000000 0.000762061239
224.000000000000 0.000819282489
225.000000000000 0.000780182085
226.000000000000 0.000839473157
227.000000000000 0.000753845892
228.000000000000 0.000818327128
229.000000000000 0.000770326031
230.000000000000 0.000764028226
231.000000000000 0.000726372816
232.000000000000 0.000745761758
233.000000000000 0.000755085735
234.000000000000 0.000746840891
235.000000000000 0.000741876201
236.000000000000 0.000761512517
237.000000000000 0.000757389516
238.000000000000 0.000762129156
239.000000000000 0.000754337914
240.000000000000 0.000766002877
241.000000000000 0.000770181861
242.000000000000 0.000764870562
243.000000000000 0.000755062714
244.000000000000 0.000764788689
245.000000000000 0.000771528256
246.000000000000 0.000762310501
247.000000000000 0.000761988593
248.000000000000 0.000767561387
249.000000000000 0.000819022454
250.000000000000 0.000761384595
251.000000000000 0.000781058927
252.000000000000 0.000756321765
253.000000000000 0.000769221500
254.000000000000 0.000741340103
255.000000000000 0.000766588803
256.000000000000 0.000735736178
257.000000000000 0.000775650387
258.000000000000 0.000731910731
259.000000000000 0.000762955103
260.000000000000 0.000739523648
261.000000000000 0.000775893247
262.000000000000 0.000746484017
263.000000000000 0.000816582702
264.000000000000 0.000737822981
265.000000000000 0.000784390626
266.000000000000 0.000727186815
267.000000000000 0.000801896679
268.000000000000 0.000729690989
269.000000000000 0.000803096397
270.000000000000 0.000727096953
271.000000000000 0.000784938159
272.000000000000 0.000731701736
273.000000000000 0.000815582119
274.000000000000 0.000730781516
275.000000000000 0.000802483032
276.000000000000 0.000742534788
277.000000000000 0.000816783257
278.000000000000 0.000745651672
279.000000000000 0.000806633503
280.000000000000 0.000763361014
281.000000000000 0.000847824194
282.000000000000 0.000787313584
283.000000000000 0.000847386051
284.000000000000 0.000823225077
285.000000000000 0.000841628996
286.000000000000 0.000785117885
287.000000000000 0.000851358518
288.000000000000 0.000790006494
289.000000000000 0.000887742476
290.000000000000 0.000797995033
291.000000000000 0.000836052939
292.000000000000 0.000793328560
293.000000000000 0.000853048611
294.000000000000 0.000781832981
295.000000000000 0.000833966269
296.000000000000 0.000783786046
297.000000000000 0.000831844426
298.000000000000 0.000775116413
299.000000000000 0.000823280741
300.000000000000 0.000772519849
301.000000000000 0.001052405759
302.000000000000 0.000768365433
303.000000000000 0.000834194945
304.000000000000 0.000771057281
305.000000000000 0.000856434359
306.000000000000 0.000772194139
307.000000000000 0.000858468018
308.000000000000 0.000774243243
309.000000000000 0.000809179340
310.000000000000 0.000766549992
311.000000000000 0.000797316476
312.000000000000 0.000779674385
313.000000000000 0.000780208669
314.000000000000 0.000766314371
315.000000000000 0.000779069328
316.000000000000 0.000769152611
317.000000000000 0.000800333172
318.000000000000 0.000782735608
319.000000000000 0.000832674364
320.000000000000 0.000810206239
321.000000000000 0.000817795731
322.000000000000 0.000762331605
323.000000000000 0.000788509581
324.000000000000 0.000814087920
325.000000000000 0.000755224394
326.000000000000 0.000787456266
327.000000000000 0.000743174004
328.000000000000 0.000789861562
329.000000000000 0.000736448160
330.000000000000 0.000777638153
331.000000000000 0.000730500310
332.000000000000 0.000752980054
333.000000000000 0.000721503103
334.000000000000 0.000768254844
335.000000000000 0.000728427787
336.000000000000 0.000770945299
337.000000000000 0.000722037536
338.000000000000 0.000777803758
339.000000000000 0.000720859291
340.000000000000 0.000749226993
341.000000000000 0.000717775552
342.000000000000 0.000756252763
343.000000000000 0.000717238613
344.000000000000 0.000765316240
345.000000000000 0.000731176029
346.000000000000 0.000755731497
347.000000000000 0.000728243931
348.000000000000 0.000780466192
349.000000000000 0.000757129998
350.000000000000 0.000777005132
351.000000000000 0.000740732701
352.000000000000 0.000777545363
353.000000000000 0.000743573325
354.000000000000 0.000783979718
355.000000000000 0.000749129280
356.000000000000 0.000779986403
357.000000000000 0.000752245923
358.000000000000 0.000773727416
359.000000000000 0.000765024663
360.000000000000 0.000760985181
361.000000000000 0.000771637881
362.000000000000 0.000775252926
363.000000000000 0.000813022233
364.000000000000 0.000808237541
365.000000000000 0.000851384937
366.000000000000 0.000781441801
367.000000000000 0.000849010107
368.000000000000 0.000764517976
369.000000000000 0.000835557226
370.000000000000 0.000762976834
371.000000000000 0.000796796849
372.000000000000 0.000788000937
373.000000000000 0.000773121568
374.000000000000 0.000755832579
375.000000000000 0.000776702734
376.000000000000 0.000747696007
377.000000000000 0.000788446674
378.000000000000 0.000752184861
379.000000000000 0.000820318714
380.000000000000 0.000764376323
381.000000000000 0.000855849589
382.000000000000 0.000756144732
383.000000000000 0.000804478460
384.000000000000 0.000825119742
385.000000000000 0.000813174539
386.000000000000 0.000775309320
387.000000000000 0.000793992354
388.000000000000 0.000780879254
389.000000000000 0.000796652060
390.000000000000 0.000775134634
391.000000000000 0.000774550357
392.000000000000 0.000772862940
393.000000000000 0.000844802986
394.000000000000 0.000771980521
395.000000000000 0.000755448107
396.000000000000 0.000800845612
397.000000000000 0.000806974886
398.000000000000 0.000753485484
399.000000000000 0.000913692193
400.000000000000 0.000756880472
401.000000000000 0.000756880472