0 0
0.035947296493 -0.016898989645
0.101636028128 -0.024923817633
0.156809552542 -0.028682104003
0.204954305498 -0.030905148760
0.249316265129 -0.033706534134
0.291072298489 -0.034405174627
0.331169597719 -0.036760119616
0.370004745680 -0.036356445819
0.408076102861 -0.038394042060
0.445639458513 -0.037214543003
0.483000818020 -0.038803870848
0.520440846737 -0.037128492292
0.558179521759 -0.038029155528
0.596612845800 -0.036051925312
0.635985222730 -0.035980035886
0.676955411488 -0.033728662695
0.719986045005 -0.032221615721
0.766638435858 -0.029410161834
0.824858946860 -0.028881034186
0.929374992928 0.000556456958
1 0
