1.000000000000 0.068227357946
2.000000000000 0.023511558637
3.000000000000 0.025413993318
4.000000000000 0.017994709584
5.000000000000 0.017537547573
6.000000000000 0.014628945285
7.000000000000 0.014038963250
8.000000000000 0.012459936115
9.000000000000 0.011960788951
10.000000000000 0.010951071288
11.000000000000 0.010545459770
12.000000000000 0.009834811338
13.000000000000 0.009502911365
14.000000000000 0.008970493196
15.000000000000 0.008694775073
16.000000000000 0.008277985588
17.000000000000 0.008045381721
18.000000000000 0.007708329492
19.000000000000 0.007509333377
20.000000000000 0.007229857484
21.000000000000 0.007057506324
22.000000000000 0.006821137272
23.000000000000 0.006670272216
24.000000000000 0.006467163408
25.000000000000 0.006333935855
26.000000000000 0.006157191391
27.000000000000 0.006038730519
28.000000000000 0.005883432156
29.000000000000 0.005777608607
30.000000000000 0.005640211514
31.000000000000 0.005545459290
32.000000000000 0.005423393751
33.000000000000 0.005338570755
34.000000000000 0.005229966566
35.000000000000 0.005154243615
36.000000000000 0.005057732319
37.000000000000 0.004990504562
38.000000000000 0.004905073830
39.000000000000 0.004845890277
40.000000000000 0.004770774759
41.000000000000 0.004719282621
42.000000000000 0.004653881305
43.000000000000 0.004609782596
44.000000000000 0.004553596202
45.000000000000 0.004516614689
46.000000000000 0.004469198818
47.000000000000 0.004439055889
48.000000000000 0.004399987025
49.000000000000 0.004376385364
50.000000000000 0.004345237644
51.000000000000 0.004327851724
52.000000000000 0.004304182785
53.000000000000 0.004292655203
54.000000000000 0.004275999548
55.000000000000 0.004269942130
56.000000000000 0.004259810489
57.000000000000 0.004258809014
58.000000000000 0.004254692157
59.000000000000 0.004258313515
60.000000000000 0.004259689008
61.000000000000 0.004267489666
62.000000000000 0.004273830203
63.000000000000 0.004285364976
64.000000000000 0.004296147131
65.000000000000 0.004310977477
66.000000000000 0.004325689976
67.000000000000 0.004343391258
68.000000000000 0.004361542186
69.000000000000 0.004381709586
70.000000000000 0.004402832167
71.000000000000 0.004425085125
72.000000000000 0.004446849226
73.000000000000 0.004468135547
74.000000000000 0.004490677131
75.000000000000 0.004512471433
76.000000000000 0.004536116095
77.000000000000 0.004558437085
78.000000000000 0.004583043107
79.000000000000 0.004605761377
80.000000000000 0.004631133402
81.000000000000 0.004654097794
82.000000000000 0.004680040791
83.000000000000 0.004703105939
84.000000000000 0.004729439355
85.000000000000 0.004752473664
86.000000000000 0.004779035488
87.000000000000 0.004801923223
88.000000000000 0.004828570553
89.000000000000 0.004851211753
90.000000000000 0.004877820007
91.000000000000 0.004900129544
92.000000000000 0.004926591130
93.000000000000 0.004948497457
94.000000000000 0.004974720264
95.000000000000 0.004996164067
96.000000000000 0.005022069933
97.000000000000 0.005043002807
98.000000000000 0.005068526045
99.000000000000 0.005088909239
100.000000000000 0.005113995251
101.000000000000 0.005133798507
102.000000000000 0.005158402500
103.000000000000 0.005177602988
104.000000000000 0.005201688812
105.000000000000 0.005220270168
106.000000000000 0.005243809252
107.000000000000 0.005261760715
108.000000000000 0.005284731118
109.000000000000 0.005302046758
110.000000000000 0.005324432314
111.000000000000 0.005341110345
112.000000000000 0.005362899901
113.000000000000 0.005378942075
114.000000000000 0.005400128817
115.000000000000 0.005415539886
116.000000000000 0.005436120732
117.000000000000 0.005450907978
118.000000000000 0.005470883053
119.000000000000 0.005485055869
120.000000000000 0.005504428033
121.000000000000 0.005517997564
122.000000000000 0.005536771996
123.000000000000 0.005549750820
124.000000000000 0.005567934660
125.000000000000 0.005580336507
126.000000000000 0.005597938530
127.000000000000 0.005609778049
128.000000000000 0.005626808389
129.000000000000 0.005638100930
130.000000000000 0.005654570832
131.000000000000 0.005665332270
132.000000000000 0.005681253878
133.000000000000 0.005691500453
134.000000000000 0.005706886621
135.000000000000 0.005716634806
136.000000000000 0.005731498933
137.000000000000 0.005740765316
138.000000000000 0.005755121212
139.000000000000 0.005763922396
140.000000000000 0.005777784151
141.000000000000 0.005786136673
142.000000000000 0.005799518554
143.000000000000 0.005807438812
144.000000000000 0.005820355174
145.000000000000 0.005827859364
146.000000000000 0.005840324569
147.000000000000 0.005847428638
148.000000000000 0.005859456990
149.000000000000 0.005866176595
150.000000000000 0.005877782281
151.000000000000 0.005884132752
152.000000000000 0.005895329794
153.000000000000 0.005901326111
154.000000000000 0.005912128328
155.000000000000 0.005917785093
156.000000000000 0.005928206065
157.000000000000 0.005933537492
158.000000000000 0.005943590535
159.000000000000 0.005948610434
160.000000000000 0.005958308573
161.000000000000 0.005963030341
162.000000000000 0.005972386298
163.000000000000 0.005976822917
164.000000000000 0.005985849092
165.000000000000 0.005990013122
166.000000000000 0.005998721587
167.000000000000 0.006002625170
168.000000000000 0.006011027657
169.000000000000 0.006014682515
170.000000000000 0.006022790415
171.000000000000 0.006026207858
172.000000000000 0.006034032216
173.000000000000 0.006037223142
174.000000000000 0.006044774658
175.000000000000 0.006047749564
176.000000000000 0.006055038593
177.000000000000 0.006057807579
178.000000000000 0.006064844134
179.000000000000 0.006067416912
180.000000000000 0.006074210667
181.000000000000 0.006076596571
182.000000000000 0.006083156867
183.000000000000 0.006085364860
184.000000000000 0.006091700708
185.000000000000 0.006093739394
186.000000000000 0.006099859484
187.000000000000 0.006101737117
188.000000000000 0.006107649823
189.000000000000 0.006109374317
190.000000000000 0.006115087706
191.000000000000 0.006116666645
192.000000000000 0.006122188481
193.000000000000 0.006123629131
194.000000000000 0.006128966888
195.000000000000 0.006130276207
196.000000000000 0.006135437073
197.000000000000 0.006136621719
198.000000000000 0.006141612606
199.000000000000 0.006142678951
200.000000000000 0.006147506503
201.000000000000 0.006148460640
202.000000000000 0.006153131242
203.000000000000 0.006153978998
204.000000000000 0.006158498782
205.000000000000 0.006159245727
206.000000000000 0.006163620583
207.000000000000 0.006164272036
208.000000000000 0.006168507620
209.000000000000 0.006169068665
210.000000000000 0.006173170405
211.000000000000 0.006173645895
212.000000000000 0.006177619001
213.000000000000 0.006178013569
214.000000000000 0.006181863039
215.000000000000 0.006182181107
216.000000000000 0.006185911738
217.000000000000 0.006186157526
218.000000000000 0.006189773917
219.000000000000 0.006189951448
220.000000000000 0.006193458012
221.000000000000 0.006193571124
222.000000000000 0.006196972091
223.000000000000 0.006197024444
224.000000000000 0.006200323870
225.000000000000 0.006200318950
226.000000000000 0.006203520726
227.000000000000 0.006203461857
228.000000000000 0.006206569709
229.000000000000 0.006206460059
230.000000000000 0.006209477561
231.000000000000 0.006209320144
232.000000000000 0.006212250723
233.000000000000 0.006212048411
234.000000000000 0.006214895349
235.000000000000 0.006214650877
236.000000000000 0.006217417320
237.000000000000 0.006217133290
238.000000000000 0.006219822254
239.000000000000 0.006219501143
240.000000000000 0.006222115517
241.000000000000 0.006221759681
242.000000000000 0.006224302235
243.000000000000 0.006223913915
244.000000000000 0.006226387303
245.000000000000 0.006225968631
246.000000000000 0.006228375396
247.000000000000 0.006227928397
248.000000000000 0.006230270975
249.000000000000 0.006229797577
250.000000000000 0.006232078304
251.000000000000 0.006231580337
252.000000000000 0.006233801450
253.000000000000 0.006233280653
254.000000000000 0.006235444297
255.000000000000 0.006234902321
256.000000000000 0.006237010553
257.000000000000 0.006236448967
258.000000000000 0.006238503756
259.000000000000 0.006237924050
260.000000000000 0.006239927284
261.000000000000 0.006239330869
262.000000000000 0.006241284358
263.000000000000 0.006240672578
264.000000000000 0.006242578057
265.000000000000 0.006241952182
266.000000000000 0.006243811314
267.000000000000 0.006243172551
268.000000000000 0.006244986931
269.000000000000 0.006244336424
270.000000000000 0.006246107580
271.000000000000 0.006245446413
272.000000000000 0.006247175810
273.000000000000 0.006246505010
274.000000000000 0.006248194056
275.000000000000 0.006247514595
276.000000000000 0.006249164636
277.000000000000 0.006248477437
278.000000000000 0.006250089767
279.000000000000 0.006249395700
280.000000000000 0.006250971559
281.000000000000 0.006250271450
282.000000000000 0.006251812028
283.000000000000 0.006251106656
284.000000000000 0.006252613095
285.000000000000 0.006251903198
286.000000000000 0.006253376595
287.000000000000 0.006252662870
288.000000000000 0.006254104274
289.000000000000 0.006253387380
290.000000000000 0.006254797802
291.000000000000 0.006254078360
292.000000000000 0.006255458769
293.000000000000 0.006254737365
294.000000000000 0.006256088691
295.000000000000 0.006255365880
296.000000000000 0.006256689017
297.000000000000 0.006255965319
298.000000000000 0.006257261125
299.000000000000 0.006256537032
300.000000000000 0.006257806332
301.000000000000 0.006257082307
302.000000000000 0.006258325892
303.000000000000 0.006257602371
304.000000000000 0.006258821002
305.000000000000 0.006258098394
306.000000000000 0.006259292804
307.000000000000 0.006258571494
308.000000000000 0.006259742386
309.000000000000 0.006259022736
310.000000000000 0.006260170785
311.000000000000 0.006259453133
312.000000000000 0.006260578990
313.000000000000 0.006259863656
314.000000000000 0.006260967946
315.000000000000 0.006260255227
316.000000000000 0.006261338553
317.000000000000 0.006260628726
318.000000000000 0.006261691667
319.000000000000 0.006260984994
320.000000000000 0.006262028106
321.000000000000 0.006261324830
322.000000000000 0.006262348652
323.000000000000 0.006261649000
324.000000000000 0.006262654046
325.000000000000 0.006261958229
326.000000000000 0.006262944999
327.000000000000 0.006262253213
328.000000000000 0.006263222185
329.000000000000 0.006262534613
330.000000000000 0.006263486250
331.000000000000 0.006262803061
332.000000000000 0.006263737808
333.000000000000 0.006263059158
334.000000000000 0.006263977445
335.000000000000 0.006263303479
336.000000000000 0.006264205718
337.000000000000 0.006263536569
338.000000000000 0.006264423162
339.000000000000 0.006263758951
340.000000000000 0.006264630282
341.000000000000 0.006263971123
342.000000000000 0.006264827563
343.000000000000 0.006264173557
344.000000000000 0.006265015467
345.000000000000 0.006264366708
346.000000000000 0.006265194433
347.000000000000 0.006264551005
348.000000000000 0.006265364881
349.000000000000 0.006264726860
350.000000000000 0.006265527209
