0 0
0.250000238419 0.291944311662
0.625000596047 0.071773017243
0.812500774861 0.042622388873
0.906250864268 0.025291971107
0.953125908972 0.013797355888
0.976563431323 0.007196379605
0.988282192499 0.003673127385
0.994141573087 0.001855222897
0.997071263381 0.000932164299
0.998536108528 0.000467106114
0.999268531102 0.000233694657
0.999634742388 0.000116768327
0.999817848032 0.000058250012
0.999909400854 0.000028977067
0.999955177264 0.000014337147
0.999978065470 0.000007016326
0.999989509573 0.000003355700
0.999995231624 0.000001525333
0.999998092650 0.000000610136
0.999999523162 0.000000152534
1 0
