0.035947296493 0.006275980407
0.101636028128 0.003964508125
0.156809552542 0.002530791849
0.204954305498 0.001649684732
0.249316265129 0.001147191112
0.291072298489 0.000619134404
0.331169597719 0.000292915749
0.370004745680 -0.000115456857
0.408076102861 -0.000398165736
0.445639458513 -0.000741827417
0.483000818020 -0.001034017640
0.520440846737 -0.001341605183
0.558179521759 -0.001673104061
0.596612845800 -0.001979224390
0.635985222730 -0.002380695598
0.676955411488 -0.002754964961
0.719986045005 -0.003298125679
0.766638435858 -0.003982792458
0.824858946860 -0.006641338938
0.929374992928 -0.024990121720
