0.250000238419 -0.757720623752
0.625000596047 -0.313517602753
0.812500774861 -0.114860269683
0.906250864268 -0.045184918486
0.953125908972 -0.019417596416
0.976563431323 -0.008907830740
0.988282192499 -0.004253109055
0.994141573087 -0.002076207125
0.997071263381 -0.001025397061
0.998536108528 -0.000509403890
0.999268531102 -0.000253760372
0.999634742388 -0.000126526886
0.999817848032 -0.000063057212
0.999909400854 -0.000031359142
0.999955177264 -0.000015519299
0.999978065470 -0.000007601675
0.999989509573 -0.000003643438
0.999995231624 -0.000001664463
0.999998092650 -0.000000675011
0.999999523162 -0.000000180294
