1.000000000000 0.185492395799
2.000000000000 0.111272568111
3.000000000000 0.096932644269
4.000000000000 0.088650277125
5.000000000000 0.080868556807
6.000000000000 0.077209580963
7.000000000000 0.072543906798
8.000000000000 0.070184800763
9.000000000000 0.067034554699
10.000000000000 0.065298287829
11.000000000000 0.062993083450
12.000000000000 0.061628306276
13.000000000000 0.059846341501
14.000000000000 0.058729281737
15.000000000000 0.057296719002
16.000000000000 0.056356505180
17.000000000000 0.055170672424
18.000000000000 0.054362754800
19.000000000000 0.053358757684
20.000000000000 0.052653273809
21.000000000000 0.051787865126
22.000000000000 0.051163818634
23.000000000000 0.050406922663
24.000000000000 0.049848987918
25.000000000000 0.049178943803
26.000000000000 0.048675595129
27.000000000000 0.048076347905
28.000000000000 0.047618713087
29.000000000000 0.047078085014
30.000000000000 0.046659215042
31.000000000000 0.046167800707
32.000000000000 0.045782185173
33.000000000000 0.045332617628
34.000000000000 0.044975848113
35.000000000000 0.044562292149
36.000000000000 0.044230817522
37.000000000000 0.043848606915
38.000000000000 0.043539548535
39.000000000000 0.043184918460
40.000000000000 0.042895926872
41.000000000000 0.042565812104
42.000000000000 0.042294954254
43.000000000000 0.041986834773
44.000000000000 0.041732504763
45.000000000000 0.041444286649
46.000000000000 0.041205135150
47.000000000000 0.040935058364
48.000000000000 0.040709937031
49.000000000000 0.040456503958
50.000000000000 0.040244421916
51.000000000000 0.040006342037
52.000000000000 0.039806432067
53.000000000000 0.039582579201
54.000000000000 0.039394071634
55.000000000000 0.039183450959
56.000000000000 0.039005653673
57.000000000000 0.038807376342
58.000000000000 0.038639659525
59.000000000000 0.038452923146
60.000000000000 0.038294707766
61.000000000000 0.038118781413
62.000000000000 0.037969530531
63.000000000000 0.037803743219
64.000000000000 0.037662955474
65.000000000000 0.037506687283
66.000000000000 0.037373892014
67.000000000000 0.037226567229
68.000000000000 0.037101320818
69.000000000000 0.036962402593
70.000000000000 0.036844285717
71.000000000000 0.036713271884
72.000000000000 0.036602520016
73.000000000000 0.036479914497
74.000000000000 0.036376126679
75.000000000000 0.036260955253
76.000000000000 0.036163545172
77.000000000000 0.036055288540
78.000000000000 0.035963850805
79.000000000000 0.035862070290
80.000000000000 0.035776243704
81.000000000000 0.035680537727
82.000000000000 0.035599985963
83.000000000000 0.035509979416
84.000000000000 0.035434385378
85.000000000000 0.035349725655
86.000000000000 0.035278789298
87.000000000000 0.035199144332
88.000000000000 0.035132581620
89.000000000000 0.035057638662
90.000000000000 0.034995180924
91.000000000000 0.034924645599
92.000000000000 0.034866039007
93.000000000000 0.034799634474
94.000000000000 0.034744639550
95.000000000000 0.034682105701
96.000000000000 0.034630496796
97.000000000000 0.034571589469
98.000000000000 0.034523154228
99.000000000000 0.034467644423
100.000000000000 0.034422183226
101.000000000000 0.034369856332
102.000000000000 0.034327181715
103.000000000000 0.034277836747
104.000000000000 0.034237772822
105.000000000000 0.034191221669
106.000000000000 0.034153603538
107.000000000000 0.034109670235
108.000000000000 0.034074343411
109.000000000000 0.034032863426
110.000000000000 0.033999683260
111.000000000000 0.033960502812
112.000000000000 0.033929333934
113.000000000000 0.033892309337
114.000000000000 0.033863025115
115.000000000000 0.033828022143
116.000000000000 0.033800504160
117.000000000000 0.033767397452
118.000000000000 0.033741535001
119.000000000000 0.033710207488
120.000000000000 0.033685897095
121.000000000000 0.033656239455
122.000000000000 0.033633384417
123.000000000000 0.033605294570
124.000000000000 0.033583804522
125.000000000000 0.033557187145
126.000000000000 0.033536977647
127.000000000000 0.033511743719
128.000000000000 0.033492735865
129.000000000000 0.033468802242
130.000000000000 0.033450922297
131.000000000000 0.033428211311
132.000000000000 0.033411390363
133.000000000000 0.033389829450
134.000000000000 0.033374003083
135.000000000000 0.033353524431
136.000000000000 0.033338632428
137.000000000000 0.033319172650
138.000000000000 0.033305158705
139.000000000000 0.033286658535
140.000000000000 0.033273469984
141.000000000000 0.033255873993
142.000000000000 0.033243461572
143.000000000000 0.033226717901
144.000000000000 0.033215035511
145.000000000000 0.033199095626
146.000000000000 0.033188100116
147.000000000000 0.033172918580
148.000000000000 0.033162569548
149.000000000000 0.033148103804
150.000000000000 0.033138363408
151.000000000000 0.033124573586
152.000000000000 0.033115406371
153.000000000000 0.033102255099
154.000000000000 0.033093627835
155.000000000000 0.033081080071
156.000000000000 0.033072961600
157.000000000000 0.033060984472
158.000000000000 0.033053345569
159.000000000000 0.033041908228
160.000000000000 0.033034721474
161.000000000000 0.033023794958
162.000000000000 0.033017034613
163.000000000000 0.033006591717
164.000000000000 0.033000233613
165.000000000000 0.032990248774
166.000000000000 0.032984270207
167.000000000000 0.032974719394
168.000000000000 0.032969099028
169.000000000000 0.032959959639
170.000000000000 0.032954677417
171.000000000000 0.032945928186
172.000000000000 0.032940965244
173.000000000000 0.032932586152
174.000000000000 0.032927924742
175.000000000000 0.032919896937
176.000000000000 0.032915520357
177.000000000000 0.032907826077
178.000000000000 0.032903718599
179.000000000000 0.032896341103
180.000000000000 0.032892487913
181.000000000000 0.032885411415
182.000000000000 0.032881798557
183.000000000000 0.032875008163
184.000000000000 0.032871622480
185.000000000000 0.032865104137
186.000000000000 0.032861933224
187.000000000000 0.032855673661
188.000000000000 0.032852705818
189.000000000000 0.032846692501
190.000000000000 0.032843916686
191.000000000000 0.032838137772
192.000000000000 0.032835543566
193.000000000000 0.032829987858
194.000000000000 0.032827565421
195.000000000000 0.032822222332
196.000000000000 0.032819962372
197.000000000000 0.032814821886
198.000000000000 0.032812715622
199.000000000000 0.032807768259
200.000000000000 0.032805807396
201.000000000000 0.032801044181
202.000000000000 0.032799220875
203.000000000000 0.032794633309
204.000000000000 0.032792940143
205.000000000000 0.032788520172
206.000000000000 0.032786950131
207.000000000000 0.032782690123
208.000000000000 0.032781236571
209.000000000000 0.032777129289
210.000000000000 0.032775785946
211.000000000000 0.032771824526
212.000000000000 0.032770585447
213.000000000000 0.032766763378
214.000000000000 0.032765622934
215.000000000000 0.032761934037
216.000000000000 0.032760886899
217.000000000000 0.032757325306
218.000000000000 0.032756366426
219.000000000000 0.032752926566
220.000000000000 0.032752051161
221.000000000000 0.032748727741
222.000000000000 0.032747931279
223.000000000000 0.032744719270
224.000000000000 0.032743997457
225.000000000000 0.032740892078
226.000000000000 0.032740240842
227.000000000000 0.032737237548
228.000000000000 0.032736653032
229.000000000000 0.032733747500
230.000000000000 0.032733226042
231.000000000000 0.032730414160
232.000000000000 0.032729952291
233.000000000000 0.032727230145
234.000000000000 0.032726824574
235.000000000000 0.032724188440
236.000000000000 0.032723836044
237.000000000000 0.032721282374
238.000000000000 0.032720980193
239.000000000000 0.032718505610
240.000000000000 0.032718250833
241.000000000000 0.032715852120
242.000000000000 0.032715642080
243.000000000000 0.032713316171
244.000000000000 0.032713148338
245.000000000000 0.032710892312
246.000000000000 0.032710764285
247.000000000000 0.032708575356
248.000000000000 0.032708484857
249.000000000000 0.032706360369
250.000000000000 0.032706305233
251.000000000000 0.032704242654
252.000000000000 0.032704220829
253.000000000000 0.032702217741
254.000000000000 0.032702227278
255.000000000000 0.032700281376
256.000000000000 0.032700320426
257.000000000000 0.032698429509
258.000000000000 0.032698496313
259.000000000000 0.032696658281
260.000000000000 0.032696751174
261.000000000000 0.032694964020
262.000000000000 0.032695081418
263.000000000000 0.032693343226
264.000000000000 0.032693483628
265.000000000000 0.032691792568
266.000000000000 0.032691954547
267.000000000000 0.032690308871
268.000000000000 0.032690491072
269.000000000000 0.032688889108
270.000000000000 0.032689090247
271.000000000000 0.032687530397
272.000000000000 0.032687749253
273.000000000000 0.032686229991
274.000000000000 0.032686465406
275.000000000000 0.032684985271
276.000000000000 0.032685236146
277.000000000000 0.032683793741
278.000000000000 0.032684059032
279.000000000000 0.032682653020
280.000000000000 0.032682931738
281.000000000000 0.032681560839
282.000000000000 0.032681852044
283.000000000000 0.032680515035
284.000000000000 0.032680817836
285.000000000000 0.032679513545
286.000000000000 0.032679827096
287.000000000000 0.032678554399
288.000000000000 0.032678877898
289.000000000000 0.032677635722
290.000000000000 0.032677968408
291.000000000000 0.032676755723
292.000000000000 0.032677096873
293.000000000000 0.032675912692
294.000000000000 0.032676261623
295.000000000000 0.032675105002
296.000000000000 0.032675461064
297.000000000000 0.032674331095
298.000000000000 0.032674693674
299.000000000000 0.032673589489
300.000000000000 0.032673958002
301.000000000000 0.032672878766
302.000000000000 0.032673252661
303.000000000000 0.032672197576
304.000000000000 0.032672576329
305.000000000000 0.032671544629
306.000000000000 0.032671927743
307.000000000000 0.032670918691
308.000000000000 0.032671305699
309.000000000000 0.032670318589
310.000000000000 0.032670709045
311.000000000000 0.032669743198
312.000000000000 0.032670136683
313.000000000000 0.032669191449
314.000000000000 0.032669587563
315.000000000000 0.032668662316
316.000000000000 0.032669060684
317.000000000000 0.032668154824
318.000000000000 0.032668555090
319.000000000000 0.032667668037
320.000000000000 0.032668069865
321.000000000000 0.032667201067
322.000000000000 0.032667604138
323.000000000000 0.032666753060
324.000000000000 0.032667157074
325.000000000000 0.032666323203
326.000000000000 0.032666727878
327.000000000000 0.032665910720
328.000000000000 0.032666315787
329.000000000000 0.032665514868
330.000000000000 0.032665920076
331.000000000000 0.032665134938
332.000000000000 0.032665540049
333.000000000000 0.032664770252
334.000000000000 0.032665175042
335.000000000000 0.032664420164
336.000000000000 0.032664824420
337.000000000000 0.032664084053
338.000000000000 0.032664487579
339.000000000000 0.032663761329
340.000000000000 0.032664163937
341.000000000000 0.032663451427
342.000000000000 0.032663852941
343.000000000000 0.032663153805
344.000000000000 0.032663554061
345.000000000000 0.032662867948
346.000000000000 0.032663266791
347.000000000000 0.032662593362
348.000000000000 0.032662990647
349.000000000000 0.032662329574
350.000000000000 0.032662725165
